2.027780030866701000e-01
1.805557561730624094e-01
5.805562006180006174e-01
2.167780186422429090e+00
3.472226080251200053e-01
6.350007055563394731e-01
5.794450882723203300e-01
1.104445671606301804e+00
3.177225752473058051e+00
6.666674074082304391e-02
2.605558450620500399e-01
2.805558672842969892e-01
2.117780130866811827e+00
2.938892154324616035e-01
2.498891665435183818e+00
1.085556761729735253e+00
4.088893432103813397e-01
2.396669329632588497e+00
7.388897098774553640e-02
6.944452160502400107e-01
5.555561728401920557e-02
8.038897820997579213e-01
3.361114845683161878e-01
1.944446604940672230e-01
1.287779208643565099e+00
2.254446949385499277e+00
7.333341481490535108e-01
9.722233024703360593e-01
1.443334937038818877e+00
8.166675740750822809e-01
3.833337592597325233e-02
1.558890620989578757e+00
2.611114012348902391e-01
4.566671740746378605e-01
1.450001611112901323e-01
8.000008888898765824e-02
1.166667962964403199e-01
5.261116956796618727e-01
6.327784808649786763e-01
5.611117345685939783e-01
5.794450882723203300e-01
4.894449882722091694e-01
5.855562061735624102e-01
1.116667907408785965e-01
5.494450549389499061e-01
6.311118123464581897e-01
1.164445738273042430e+00
1.522223913582126109e-01
4.511671679635199439e+00
2.777780864200960018e-03
1.877779864199849158e-01
3.478892754325282333e+00
2.422224913583237438e+00
5.094450104944561186e-01
7.600008444453827394e-01
1.182779091976768893e+00
7.666675185194650466e-02
2.216669129632366231e-01
1.833335370372633777e-01
7.805564228404697769e-01
2.712225235805817647e+00
1.553335059261176987e+00
2.627780697534108367e-01
5.777784197537997324e-01
2.891669879633199436e+00
2.227780253089170159e+00
1.790001988891098739e+00
7.611119567910630546e-02
2.827780919756577305e+00
4.040560045066716732e+00
3.377781530868367299e-01
5.456672729636365737e+00
6.655562950625500962e-01
3.961115512350569245e-01
1.042778936421040470e+00
1.346112606791785238e+00
4.011115567906186619e-01
5.022227802475336400e-01
7.488897209885788664e-01
1.700001888890987634e-01
9.388899320999245512e-01
7.111119012354458202e-02
6.688896320995911804e-01
2.097224552471725012e+00
2.394447104941227755e-01
2.668891854324282331e+00
8.922232135813483733e-01
2.494447216052462224e-01
1.015001127779030732e+00
1.756668618520687231e+00
6.200006888896543167e-01
9.100010111122345258e-01
5.900006555562838928e-01
3.627226252473613854e+00
2.461113845682050827e-01
2.883336537040596670e-01
1.527223919137687957e+00
7.261119179021310321e-01
1.168334631482923935e+00
9.461121623468470299e-01
3.694448549387276959e+00
5.916673240748044904e-01
4.077782308647009413e-01
1.353890393211548027e+00
3.227781364201515735e-01
5.605561783957537791e-01
2.529447254941394441e+00
1.122223469137187957e-01
1.607224008026675532e+00
2.398891554323949293e+00
1.650001833335370260e-01
1.677779641977379832e+00
3.976671085190094601e+00
5.027783364203738392e-01
3.866670962967736491e-01
1.925002138891265480e+00
5.011116679018532416e-01
6.483340537045041430e-01
6.983341092601214051e-01
6.444451604946227485e-01
4.555560617289574621e-01
2.300002555558395001e-01
6.688896320995911804e-01
1.697224108026786693e+00
1.377779308643676259e+00
9.033343370381522464e-01
1.150001277779197500e-01
1.853890948767720870e+00
3.233336925929917727e-01
1.283334759260843505e+00
4.227782475313861532e-01
5.000005555561728432e-01
4.066671185190205429e-01
3.283336981485535100e-01
4.680005200005777688e+00
2.657225174694638259e+00
7.372230413589347942e-01
2.624447360497067283e+00
5.016672240746934408e-01
8.077786753096392047e-01
9.194454660505178012e-01
7.072230080255644813e-01
1.732224146915718688e+00
2.416669351854835446e-01
4.305560339511488310e-01
1.421112690125211131e+00
2.416669351854835446e-01
6.700007444452715788e-01
8.538898376553751834e-01
4.883338759265287710e-01
2.028335587039541199e+00
1.134445704939672117e+00
8.055564506182784357e-02
2.238891376545973921e-01
4.612782903092114140e+00
1.026667807408674804e+00
4.133337925931028778e-01
3.662226291362546071e+00
1.436668262964736487e+00
2.853336503707226246e+00
2.913892126546807404e+00
5.882784314204793752e+00
1.491112767903075342e+00
8.444453827170919080e-01
2.053335614817349608e+00
1.372223746915274267e+00
1.826113140125711132e+00
6.905563228403587273e-01
7.666675185194650466e-02
2.877780975312194678e-01
9.050010055566728440e-01
7.650008500009444212e-01
1.616668462964958808e+00
1.667224074693416380e+00
4.888894320993689702e-01
3.966671074078971237e-01
1.090001211112456847e+00
8.433342703714115096e-01
2.303891448768276451e+00
3.903893226548029283e+00
6.877785419761577312e-01
2.080557867286519258e+00
7.166674629638477567e-01
8.494453882726535898e-01
2.258891398768220871e+00
4.112782347535941518e+00
7.311119234576927139e-01
1.534446149384610436e+00
4.465004961116623150e+00
6.077784530871700452e-01
1.077778975309972576e-01
3.583337314819238784e-01
2.272224746916385318e-01
2.309447010496678221e+00
5.055561172845747520e-02
1.861113179014643182e-01
2.732225258028064374e+00
1.257223619137354476e+00
6.283340314822571937e-01
5.950006611118456856e-01
1.505557228396920300e+00
5.911117679019642912e-01
6.483340537045041430e+00
1.838890932101035491e-01
1.625001805557561685e+00
1.002223335803706483e+00
5.900006555562838928e-01
1.868890965434405915e+00
1.776668640742934180e+00
7.634452927169919079e+00
9.461121623468470299e-01
1.636668485187205757e+00
1.461112734569705029e-01
6.622229580255089010e-01
6.600007333341481042e-01
1.605001783335314736e+00
2.044446716051906698e-01
1.062223402470447109e+00
4.358893732104146324e+00
1.111667901853224283e+00
2.025002250002499782e+00
7.255563617292908329e-01
1.440001600001777682e+00
4.805560895067660931e-01
1.973335525928362033e+00
1.340557045063383468e+00
3.250003611115123148e-01
2.716669685188539130e-01
1.998335553706170664e+00
2.192780214200237943e+00
3.388892654325171283e-01
1.047778941976602152e+00
2.961114401238223337e+00
1.288890320989245497e-01
6.872229858033175320e-01
3.007225563583959538e+00
3.142225713584126279e+00
5.205561339512598806e-01
4.488893876548751827e-01
2.766669740744156503e-01
2.364447071607857165e+00
6.833340925934361376e-02
6.216673574081749143e-01
3.107225674695194062e+00
2.705003005558895168e+00
3.225003583337314517e+00
1.816668685187427801e-01
9.838899820999801316e-01
5.575561750624166812e+00
2.333891482101646542e+00
1.527779475310528101e-01
4.907783230870256475e+00
4.133337925931028778e-01
9.677788530876144657e-01
2.616669574077304383e-01
9.405566006184451489e-01
3.394448216053573386e+00
9.322232580258422718e-01
4.305560339511488310e-01
5.500006111117901053e-01
1.635001816668685048e+00
5.377783753093058339e-01
2.010002233335814736e+00
2.676669640744045342e+00
2.836669818522020492e+00
1.227779141976824417e-01
1.072223413581570584e-01
1.572223969137743482e-01
3.466670518522798061e-01
2.538891709879677605e-01
2.432224924694360801e+00
2.424447138274598235e+00
1.616112906792118720e+00
1.409446010495567281e+00
3.105559006176673575e-01
3.188892432102702346e-01
1.944446604940672230e-01
8.555565061738956700e-02
4.705560783956426740e-01
2.427780475311639152e-01
1.201668001853335443e+00
8.811120901245446113e-01
5.666672962969958594e-01
3.938893265436961277e-01
5.883339870377634062e-01
6.772229746921940574e-01
2.837225374694860580e+00
6.877785419761577312e-01
6.118340131489034661e+00
4.983894426549362322e+00
1.175001305557006104e+00
3.207781341979268674e+00
1.766668629631810705e-01
8.305564783960870390e-01
1.683335203705781935e-01
2.583336203706892986e-01
6.588896209884677058e-01
8.100009000010000015e-01
5.266672518525020719e-01
8.111120123466804277e-02
5.788895320994801308e-01
1.872224302471447166e-01
1.472779414199349102e+00
2.455558283953648946e+00
6.405562672847414651e-01
1.080001200001333261e+00
5.883339870377634062e-01
9.027787808653120472e-01
3.972226635807373230e-01
6.444451604946227485e-01
1.339445932717703069e+00
4.377782641980713096e-01
3.611115123461248189e-01
2.791114212349124823e+00
1.494446104940116538e+00
3.518337242596936143e+00
1.088890098766776421e-01
8.727787475319417343e-01
7.955564395071549333e-01
1.622224024693360855e-01
1.368334853705392984e+00
1.216668018520020489e+00
5.544450604945116989e-01
1.105556783951982119e-01
1.800002000002222102e+00
1.910002122224580212e+00
1.553335059261176987e+00
4.274449193832437821e+00
1.588335098150108982e+00
1.995557772841969779e+00
3.838893154325727086e-01
6.088895654328504436e-01
1.798335331483701616e+00
1.009445566050628962e+00
1.033890037655597283e+00
3.177781308645898362e-01
1.633335148150164562e-01
2.407780453089392037e+00
5.249450277166974210e+00
3.205559117287907767e-01
1.022223358025953349e-01
2.606114006793340820e+00
2.945003272225858115e+00
2.877780975312194678e-01
2.777780864200960279e-02
1.201112445680495133e+00
2.682225202472447112e+00
8.255564728405253572e-01
2.891669879633199436e+00
4.378338198153553407e+00
3.355559283954759886e-01
1.861668735187483437e+00
3.058336731485256976e+00
1.965557739508599466e+00
1.516668351853724117e-01
9.888899876555418134e-02
2.009446677162974648e+00
5.372228191364657457e-01
5.955562172846858848e-01
3.332781480868312052e+00
2.233335814817571929e-01
3.633337370374855602e-01
1.246112495680550714e+00
1.394445993828881958e-01
6.294451438279375921e-01
2.011113345681495024e-01
4.639449599388443701e+00
4.205560228400253564e-01
3.844448716054129078e-01
2.180002422224913694e+00
7.850008722231913705e-01
2.005002227780253055e+00
1.066667851853168703e+00
6.216673574081749143e-01
1.461112734569705029e-01
3.644448493831659586e-01
3.177781308645898362e-01
6.743340825934250660e+00
2.108891232101369084e+00
2.794447549386165797e+00
1.133334592593991802e-01
4.011115567906186619e-01
7.927786586429540483e-01
1.201668001853335443e+00
6.277784753094169945e-01
2.786669762966403230e+00
1.477779419754910784e+00
1.500001666668518419e-01
4.994449993833326440e-01
4.833338703709670892e-01
1.266668074075637807e-01
5.216672462969402790e-01
8.666676296306995153e-02
4.249449166054628968e+00
1.599446221606912744e+00
3.961115512350569245e-01
2.516669462966069637e-01
1.200001333334814735e-01
1.635557372841525359e+00
3.926671029634477339e+00
1.951113279014754509e+00
5.974451082723424733e+00
4.183337981486646151e-01
1.620557356174840091e+00
3.021670024077804495e+00
3.855559839510932507e-01
1.017223352470391529e+00
3.078336753707504148e+00
1.300557000618889569e+00
5.355561506179451481e-01
2.077780086422318095e-01
7.333341481490535108e-01
2.818336464818294029e+00
1.420001577779530733e+00
7.816675351861501753e-01
1.861113179014643182e-01
1.824446471607190645e+00
8.477787197541329922e-01
4.321671468523853754e+00
2.094446771607524072e-01
3.016670018522242813e-01
4.338893709881899707e-01
5.200005777784197925e-01
1.145001272223635791e+00
8.566676185195760684e-01
1.060001177779086312e+00
4.494449438277153264e-01
2.072224524693916381e-01
1.037223374692638478e+00
8.500009444454937890e-01
3.477781641979602045e-01
2.950558833954259885e+00
1.794446438273820388e-01
3.848337609264010251e+00
2.627780697534108367e-01
7.950008833343148451e-01
9.333343703715225870e-02
4.466671629635143859e-01
1.288890320989245497e-01
8.327787030874478358e-01
4.194449104943449580e-01
8.522231691368545858e-01
1.283334759260843505e+00
3.916671018523353864e-01
9.833344259271399324e-01
9.011121123467914495e-01
1.988891098767887333e-01
9.105565672850747250e-01
2.960558845065383249e+00
1.162223513581681633e+00
1.473334970372189190e+00
1.097223441359379326e+00
5.233339148154608766e-01
6.427784919761021509e-01
9.350010388900431568e-01
2.513891682101868863e+00
4.665005183339092198e+00
5.444450493833882104e-02
4.705560783956426740e-01
2.217780241978046796e+00
6.216673574081749143e-01
3.500003888893210013e-01
5.211116901241000798e-01
5.150005722228579996e-01
6.822229802477558502e-01
3.569448410498233581e+00
6.500007222230246295e-01
3.755559728399698316e-01
1.726668585187316918e+00
1.002223335803706483e+00
2.305558117286796993e-01
3.861115401239334499e-01
4.027782253091392040e-01
2.866669851855390694e-01
2.273891415434905916e+00
6.438896043217825493e-01
9.411121567912853481e-01
2.927781030867812051e-01
8.455564950627723064e-01
4.911116567907297670e-01
1.427779364199293632e-01
1.736113040125600193e+00
6.505562783958648287e-01
2.035557817286463678e+00
2.516669462966069637e-01
6.722229691366323756e-01
1.007778897532108253e+00
3.351670390744878603e+00
1.341668157409063644e+00
7.900008777787530523e-01
4.422227135807928478e-01
3.788893098770109713e-01
3.300003666670740521e-01
8.938898820998689709e-01
5.061116734574149234e-01
1.382223758026397853e+00
5.972228858032064824e-01
2.878336531485035099e+00
1.922224358027064539e-01
1.290556989507765984e+00
1.725001916668796209e+00
5.116672351858168044e-01
8.455564950627723064e-01
7.827230919145465649e+00
7.716675240750267006e-01
3.508892787658652868e+00
1.983335537039485619e-01
3.994448882720980643e-01
1.047778941976602152e+00
5.566672851858723847e-01
5.450006055562284235e-01
2.991669990744433960e+00
1.239445821606468323e+00
3.022781136423484671e+00
1.156667951853279863e+00
1.148334609260676986e+00
9.833344259271399601e-02
6.700007444452715788e-01
9.488899432110480259e-01
2.819447577163974650e+00
5.456672729636365737e+00
5.011116679018532416e-01
1.316112573458414925e+00
7.816675351861501753e-01
5.943895493217214110e+00
4.911116567907297670e-01
1.677779641977379832e+00
6.072228969143298460e-01
6.566673962971070200e-01
5.000005555561728640e-03
1.074445638272931491e+00
7.294452549391721163e-01
5.216672462969402790e-01
6.772229746921940574e-01
9.588899543221713895e-01
2.936669929633255016e+00
7.377785975317749934e-01
3.094447882719869591e-01
9.444454938283264323e-02
2.877780975312194678e-01
5.294450327167029569e-01
5.338894820994245505e-01
3.351670390744878603e+00
8.888898765443072753e-03
1.089445654939616537e+00
5.272228080253422711e-01
3.588892876547640665e+00
4.216671351857057548e-01
5.988895543217269690e-01
5.900006555562838928e-01
3.616670685189650181e-01
4.861116512351680297e-01
5.194450216055795932e-01
4.733338592598436145e-01
5.966673296303662832e-01
6.583340648156275066e-01
2.532225035805595326e+00
2.108891232101369084e+00
2.293891437657153087e+00
6.572229524699472192e-01
1.526668362964847647e+00
3.005558895065438829e-01
7.255563617292908329e-01
7.244452493836104345e-01
4.945561050623389576e+00
7.538897265441405482e-01
7.000007777786419749e-02
1.600557333952593142e+00
1.427779364199293632e-01
3.050003388892654210e-01
2.317780353089281320e+00
7.594452882725425402e-01
1.400001555557283950e-01
1.020001133334592636e+00
8.477787197541329922e-01
6.277784753094170500e-02
3.235003594448438324e+00
1.241112490124989032e+00
2.950003277781419464e-01
1.850002055557839475e-01
8.711120790134211367e-01
3.409448232720258432e+00
8.005564450627167261e-01
9.844455382728203308e-01
9.694455216061350633e-01
3.327781475312750481e-01
3.766670851856501745e-01
9.811122012357791355e-01
3.320559245065827891e+00
4.471671635190705985e+00
2.822225358028175313e-01
1.031667812964236708e+00
3.022225580250644805e-01
2.733336370373744550e-01
3.700004111115678951e-01
2.613891793213103387e+00
1.439446043828937594e+00
1.422223802470891529e+00
5.177783530870589956e-01
9.983344425938250888e-01
9.138899043221159202e-01
5.089450099388999504e+00
4.188893543215048254e+00
2.656114062348958083e+00
1.455001616668462949e+00
5.055561172845747242e-01
4.444449382721536446e-01
8.150009055565616833e-01
1.966668851854279920e-01
6.183340203711337191e-01
2.603336225929139935e+00
4.155560172844636191e-01
5.133339037043374020e-01
9.627788475320527839e-01
9.344454827172029576e-01
1.518890576545085080e+00
9.700010777789752625e-01
6.027784475316083634e-01
8.088897876553196031e-01
4.133337925931028778e-01
6.455562728403031469e-01
4.138893487659430770e-01
6.066673407414896468e-01
3.445003827782030736e+00
1.194445771606412882e-01
9.333343703715225870e-02
8.011120012355569253e-01
5.855562061735624102e-01
6.938896598773998114e-01
3.933337703708559840e-01
7.255563617292908329e-01
2.960558845065383249e+00
2.322224802472002692e-01
3.394448216053573275e-01
1.834446482718314009e+00
3.607781786424207215e+00
2.683336314818127732e-01
5.511117234574705037e-01
3.695004105560117047e+00
3.994448882720980643e-01
3.772226413584903737e-01
3.755559728399698316e-01
5.555561728401919863e-01
3.741670824078693336e+00
5.905562117291240920e-01
2.660558511731679676e+00
4.755560839512043558e-01
4.994449993833326440e-01
9.205565783961981996e-01
3.588892876547640776e-01
3.500003888893210013e-01
3.300003666670740521e-01
6.972229969144410067e-01
4.124449027165585591e+00
8.527787253096947850e-01
2.488891654324060232e-01
2.200002444447160532e-01
2.733336370373744550e-01
1.633335148150164562e-01
1.242779158643509518e+00
5.187227985808872788e+00
4.005560006177784627e-01
9.122232358035953226e-01
2.132780147533497317e+00
8.122231246923607983e-01
7.261119179021310321e-01
7.316674796305329131e-01
9.927788808654232078e-01
1.004445560495067280e+00
1.363890404322671390e+00
1.583335092594547189e-01
2.777780864200959932e-01
4.383338203709115533e+00
2.538891709879677716e+00
2.211113567903964239e-01
8.900009888899876875e-01
7.577786197540219426e-01
3.833337592597325094e-01
3.844448716054129078e-01
6.227784697538553127e-01
5.038894487660541266e-01
2.000002222224691456e-02
4.993338881487646042e+00
7.950008833343148451e-01
6.472229413588237446e-01
4.483338314820349835e-01
4.278893643215159415e+00
1.006112229013587767e+00
5.005561117290130424e-01
6.888896543218381296e-01
9.444454938283265016e-03
2.655558506176117772e-01
1.140001266668074109e+00
1.643890715434128236e+00
1.113890126544585080e+00
3.850004277782530515e-01
5.644450716056350625e-01
1.325557028396698200e+00
1.777779753088614551e-02
5.127783475314972028e-01
5.112783458648287649e+00
3.013336681485201396e+00
2.055557839508710405e-01
2.511113901237668200e-01
2.400002666669629470e-01
4.694449660499622756e-01
3.201114667905186284e+00
1.472223858026509014e-01
2.100002333335925786e-01
2.527780586422873621e-01
3.001114445682717236e+00
3.338892598769553910e-01
5.514450571611746454e+00
1.680001866668740629e+00
2.727780808645343114e-01
9.438899376554862330e-01
2.366669296299218073e-01
2.227780253089169937e-01
2.122224580249533477e-01
2.638891820990912351e-01
4.405560450622723057e-01
1.607224008026675532e+00
3.527781697535219418e-01
1.182223535803928582e+00
4.083337870375411405e-01
5.650006277784752617e-01
5.478894976549973705e+00
2.280558089508988306e+00
1.566668407409341490e-01
1.366668185186872275e-01
1.100001222223580266e-01
1.727779697532997316e-01
1.102223446914941007e+00
2.644447382719313788e-01
9.488899432110480259e-01
1.566668407409341490e-01
3.383337092596769291e-01
5.472228302475891093e-01
3.477781641979602045e-01
4.158337953708837631e+00
3.650004055560061578e-01
2.727780808645343114e-01
5.793339770377522235e+00
3.906115451239390080e+00
2.172224635805150850e-01
3.816670907412119118e-01
3.600004000004444205e-01
1.163890182100202342e+00
4.311115901239890302e-01
3.008892232102480246e+00
3.400003777781975267e-01
1.967224408027119953e+00
1.477779419754910728e-01
2.155557950619945151e-01
1.833335370372633777e-01
6.193340214822460332e+00
9.477788308653676275e-01
2.257780286422540250e+00
6.616674018526687018e-01
1.650001833335370260e-01
8.666676296306995153e-02
4.250004722227468945e-01
9.555566172851302775e-02
2.210558011731123873e+00
2.605558450620500399e-01
4.966672185191316480e-01
1.505557228396920411e-01
1.350001500001666577e-01
1.222223580248422425e-01
3.154447949386610439e+00
2.172224635805150850e-01
1.833335370372633610e+00
3.712781903091003421e+00
1.400001555557283950e-01
4.350004833338703691e-01
2.722225246916941122e-01
1.226668029631144075e+00
4.122226802474224794e-01
1.511112790125322403e-01
2.829447588275098013e+00
1.261112512347235814e-01
3.466670518522798061e-01
2.713891904324337911e+00
6.750007500008333716e-01
2.122224580249533477e-01
5.444450493833882104e-02
2.500002777780864216e-01
1.694446327162585642e-01
3.394448216053573275e-01
1.689446321607023904e+00
2.401669335188150178e+00
4.538893932104368645e-01
1.272223635804039743e+00
1.783335314817016404e-01
2.091113434570482710e+00
2.835558706176340316e+00
1.859446510496122640e+00
6.100006777785308421e-01
4.244449160499066953e-01
1.210001344445938321e+00
4.311115901239890302e-01
3.945004383338203802e+00
2.381669312965903451e+00
2.594447327163696970e-01
3.005558895065438829e-01
1.087778986421096050e+00
9.861122067913408173e-01
1.388890432100480021e+00
1.340001488890543158e+00
5.066672296302551226e-01
8.122231246923607983e-01
3.988893320992578650e-01
6.055562283958093595e-01
4.126671251856946832e+00
6.155562395069327231e-01
1.850002055557839364e+00
2.466113851237612398e+00
2.173335748150831304e+00
2.105557895064327778e-01
5.788895320994801308e-01
1.026112251235834716e+00
9.461121623468470299e-01
7.300008111120123155e-01
9.100010111122345258e-01
1.761113067903408713e-01
2.933336592596214043e-01
1.810557567286185776e+00
1.279445866050962222e+00
6.738896376551529732e-01
3.100003444448271583e-01
2.329447032718925392e+00
4.058893398770442751e+00
1.231668035186705756e+00
8.700009666677407383e-01
7.800008666676295777e-01
8.044453382725980095e-01
5.616672907414341775e-01
3.363892626547362763e+00
4.514449460499400324e+00
2.594447327163696970e-01
6.431673812970903015e+00
1.563890626545140661e+00
7.861119845688717689e-01
1.344445938273264751e+00
2.870558745065272088e+00
5.950006611118456856e-01
1.060556733951926622e+00
1.158890176544640660e+00
1.435001594446216000e+00
4.066671185190205429e-01
7.266674740749711203e-01
3.250003611115123148e-01
1.432779369754855203e+00
6.416673796304217525e-01
3.383337092596769291e-01
4.450004944449938438e-01
1.916113240125822292e+00
1.046112273458081665e+00
9.327788141986824710e-01
7.088896765440850789e-01
2.063891182101313504e+00
9.211121345690383988e-01
2.006113340125933231e+00
8.372231524701694294e-01
7.322230358033731124e-01
1.278890309878122133e+00
8.855565395072660939e-01
5.072227858030953218e-01
6.561118401242668208e-01
6.972229969144410067e-01
7.038896709885232861e-01
2.450002722225246732e+00
9.950011055567838936e-01
2.927781030867812051e-01
9.166676851863168884e-02
2.891669879633199436e+00
3.238336931485479298e+00
9.111121234579148964e-02
1.258334731483034874e+00
5.861117623464026094e-01
1.617779575310639206e+00
1.121667912964347646e+00
5.122227913586570036e-01
1.150001277779197473e+00
1.421112690125211131e+00
5.650006277784752617e-01
3.796670885189872280e+00
2.588891765435294978e-01
1.504446116051240123e+00
6.072228969143298460e-01
1.113890126544585080e+00
5.744450827167585372e-01
1.427779364199293521e+00
3.036114484571649452e+00
2.366669296299218073e-01
4.624449582721758212e+00
1.106667896297662601e+00
1.709446343829270853e+00
1.555557283952537784e-01
7.455563839515376712e-01
1.713335237039152137e+00
2.994447771608634845e+00
2.234446927163252550e+00
1.566668407409341490e-01
7.638897376552640228e-01
1.890557656175173573e+00
1.806668674076304493e+00
5.000005555561728640e-03
3.065558961732179455e+00
4.788894209882455510e-01
6.027784475316083634e-01
9.000010000011110511e-01
6.188895765439739183e-01
3.300003666670740521e-01
1.105001227779141892e+00
6.388895987662208675e-01
3.277781419757133108e-01
3.116670129633477559e-01
1.027778919754355202e-01
5.816673129636810158e-01
3.216670240744711751e-01
1.688890765434183650e-01
2.178891309879233074e+00
1.491112767903075342e+00
8.616676240751378613e-01
1.032223369137076796e+00
5.233339148154608766e-01
5.488894987661097069e-01
2.527780586422873621e-01
1.157779064198960262e+00
8.583342870380966660e-01
8.805565339517044121e-01
1.456112729014143348e+00
4.555560617289574621e-01
7.966675518528353317e-01
3.222225802473113743e-01
2.814447571608412968e+00
4.372227080252311104e-01
2.405558228398031462e-01
5.905562117291240920e-01
1.600001777779753165e-01
2.238891376545973921e-01
3.127781253090280988e-01
4.755560839512043558e-01
5.150005722228579996e-01
7.816675351861501753e-01
3.955559950622167253e-01
1.753890837656486346e+00
1.345001494446104839e+00
4.385004872227635353e+00
1.414446016051128963e+00
3.405559339510377259e-01
1.941113267903630923e+00
1.054445616050684542e+00
5.794450882723203300e-01
1.276112529013921026e+00
2.344447049385610382e-01
1.785557539508377145e+00
8.400009333343703144e-01
1.700557445063827888e+00
6.200006888896543167e-01
4.127782364202626786e-01
8.255564728405253572e-01
4.527782808647565216e-01
3.877782086424540475e-01
1.458890509878344233e+00
1.077778975309972465e+00
1.346668162964625548e+00
9.555566172851303053e-01
7.144452382724869599e-01
8.944454382727091979e-02
1.555557283952537784e-01
1.046112273458081665e+00
8.338898154331282342e-01
3.750004166671296324e-01
4.027782253091392040e-01
1.142779047532274994e+00
4.477782753091947843e-01
3.514448349387054638e+00
5.438894932105480251e-01
1.572223969137743538e+00
6.055562283958093595e-01
1.403334892594324979e+00
6.500007222230246295e-01
1.905557672841858563e-01
3.800004222226913697e-01
1.452223835804262064e+00
1.794446438273820388e-01
3.711115234572482935e-01
2.146113495681661654e+00
1.635001816668685048e+00
5.200005777784197925e-01
5.566672851858723847e-01
6.272229191365767953e-01
1.844446493829437483e-01
1.193334659260732566e+00
8.038897820997579213e-01
4.046115606795118502e+00
3.368337075930084357e+00
9.277788086431207337e-02
