2.607381077739566455e-02 8.603971400976817563e-01
2.861768266416574169e-02 9.457160654047207515e-01
3.156149242667067450e-02 1.173825242392225743e+00
3.168687422300321688e-02 5.710504503727212855e-01
3.369448290714517624e-02 9.836090753562298783e-01
3.655799962491569632e-02 1.385553849243989166e+00
3.797909472293205246e-02 8.165014214730688114e-01
4.118020820939125026e-02 9.317322408830268632e-01
4.342388209375949715e-02 9.532566527570773829e-01
4.388764638640879623e-02 9.991091758400224565e-01
4.934730119370832335e-02 5.439164798674598345e-01
5.071783129910197724e-02 6.183012890165556774e-01
5.141064533689673755e-02 8.389448553026017663e-01
5.428354376012722859e-02 1.069765723938020052e+00
5.509571574635494656e-02 8.972119986081353860e-01
5.557375062109921188e-02 1.261290619703300697e+00
6.075780374005347595e-02 8.074053610343753240e-01
6.278390738855887943e-02 9.642736024138484074e-01
6.562741364612074968e-02 1.550211782866998345e+00
6.630930268573419217e-02 6.411888125040027253e-01
6.993058128431359211e-02 8.889444989133277186e-01
7.106238208697575331e-02 1.498209443139246533e+00
7.224473323474660258e-02 9.994541773338531110e-01
7.296254772605781369e-02 9.104997180882119512e-01
7.431380294582315416e-02 1.034261646182978334e+00
7.479285610095767756e-02 6.114346272344060029e-01
7.719329389447968093e-02 8.473164045419965262e-01
8.069989799416796283e-02 1.092452534031167266e+00
8.083345575121830828e-02 8.744317256829385876e-01
8.605146084705876663e-02 1.134957238891207698e+00
8.699967648286263677e-02 1.322453174818260635e+00
8.955345227537180042e-02 1.170191192709173045e+00
9.040860611509030087e-02 1.517515318746906816e+00
9.749290910189328807e-02 1.642891344032226142e+00
9.812918074352403042e-02 1.250792851971210817e+00
1.003187942346093348e-01 1.403617217058780176e+00
1.042235618715115497e-01 1.342342703875644583e+00
1.055491447066432831e-01 1.512065058343192270e+00
1.076251247235051473e-01 1.110739687348279991e+00
1.101392153274722563e-01 1.486348454845314304e+00
1.112963433703410276e-01 1.538421287276460658e+00
1.156094584785275492e-01 6.205040475969031410e-01
1.168783124445740562e-01 5.703194804615087099e-01
1.174847211767560545e-01 1.641736792721599336e+00
1.202595382890983278e-01 9.005814308538703239e-01
1.219876354680218822e-01 1.708372576704758616e+00
1.237027987751304348e-01 1.423803255991084038e+00
1.266527805406272855e-01 8.554462181636033336e-01
1.277939254670729941e-01 1.546249123512843937e+00
1.289498467760372136e-01 1.625113890838945752e+00
1.356901095474634944e-01 1.646444296697464837e+00
1.371616684501653083e-01 1.119400788002740788e+00
1.372017194840182142e-01 1.238715237685953152e+00
1.400000000000000133e-01 1.347499999999999920e+00
1.400000000000000133e-01 1.557500000000000107e+00
1.431297320836243947e-01 1.592406903776774962e+00
1.483877995401016447e-01 1.526614827196721702e+00
1.515238282873613840e-01 8.139812105333603665e-01
1.575000000000000011e-01 8.750000000000000000e-01
1.601235628305064385e-01 1.327060457917717207e+00
1.609744751096695570e-01 1.153972694509577179e+00
1.620051030021982807e-01 1.596754005559137823e+00
1.621256121021744379e-01 1.549001795450843044e+00
1.639046667111473399e-01 1.421629252900463714e+00
1.682377984194215470e-01 1.224750191620597839e+00
1.705576997558333197e-01 1.665318290030876280e+00
1.738561587683264131e-01 1.200351632359185627e+00
1.749999999999999889e-01 1.645000000000000018e+00
1.753916761809234670e-01 1.577188272478081243e+00
1.757346298553431330e-01 1.468897201406665243e+00
1.863594997349070082e-01 1.625273219245636946e+00
1.895766225479217360e-01 1.427500634362856902e+00
1.898993255056128926e-01 8.656297029744224325e-01
1.902394130365038516e-01 1.645756818175063252e+00
1.951824492234111030e-01 1.261474901780952118e+00
1.970574649532593758e-01 8.917678596427728310e-01
1.996489457511170518e-01 1.369401324608842341e+00
2.000127937392151278e-01 1.633338043762029956e+00
2.001204479566188188e-01 8.237666128549168132e-01
2.011394700102464572e-01 1.116765717517913314e+00
2.025049051527594846e-01 1.435276545299591922e+00
2.063723541248663196e-01 1.157905254409428375e+00
2.080580265613068136e-01 1.545366029816260811e+00
2.099999999999999922e-01 1.504999999999999893e+00
2.099999999999999922e-01 1.242499999999999938e+00
2.141524911003905851e-01 1.099830730396576861e+00
2.143021545084391744e-01 1.561889431769712955e+00
2.149214845376632432e-01 1.629385872558363868e+00
2.173190429880915708e-01 1.411107537357503938e+00
2.210293680282431894e-01 1.756433091100446875e+00
2.212577322155961368e-01 1.535186474362705944e+00
2.260835709933442794e-01 1.741149463593900215e+00
2.301764519834600675e-01 1.486609587222384565e+00
2.305853546474552762e-01 1.216381602404623452e+00
2.315703321206437626e-01 1.160022769695568279e+00
2.339116236914938196e-01 1.832038216267168007e+00
2.357918739602619662e-01 1.352839812092793803e+00
2.366096786752552583e-01 1.292992747295453881e+00
2.403387844494893621e-01 1.510472837781481337e+00
2.437141767675393145e-01 1.476484775357297830e+00
2.449999999999999956e-01 1.697500000000000009e+00
2.475192534813598355e-01 1.209693471202174520e+00
2.478278420184902298e-01 1.818792690374427368e+00
2.533015301489965898e-01 1.366629640200059947e+00
2.550756116556457953e-01 1.163824250457182519e+00
2.614350703865192527e-01 1.257132563988631935e+00
2.624233505378296138e-01 1.684376127524884970e+00
2.625000000000000111e-01 1.399999999999999911e+00
2.625000000000000111e-01 1.120000000000000107e+00
2.642441145678181558e-01 1.630816435703255296e+00
2.643979940740247558e-01 9.814189951747169793e-01
2.731469197853661490e-01 1.379223706048774867e+00
2.740399007192449443e-01 1.091500740124109248e+00
2.744368581962874920e-01 1.436362695341777185e+00
2.766919763266101340e-01 1.143613226943078987e+00
2.789940773181689981e-01 1.279365007399639875e+00
2.795280745917150256e-01 1.478890102090818282e+00
2.813712087561800468e-01 1.129192263403566043e+00
2.815008944679730507e-01 4.299145274430496433e-01
2.840252121721610346e-01 1.254138120020344527e+00
2.870748833087539698e-01 1.650231588514083247e+00
2.928670177598825530e-01 1.364165083708760218e+00
2.940057504479656747e-01 1.280667918921371440e+00
2.958610478768551877e-01 1.336320038839921231e+00
3.002179769069011628e-01 1.300899428177894945e+00
3.041559549512460880e-01 9.162940724459133213e-01
3.075505349033104130e-01 1.503838742075699564e+00
3.079091613001587180e-01 1.409030818075817759e+00
3.103121400524241902e-01 1.096804697398193751e+00
3.135947814098596353e-01 1.625333599450117683e+00
3.150000000000000022e-01 9.975000000000000533e-01
3.188241319511493366e-01 1.372710540997284845e+00
3.188688901795579955e-01 9.785651885118451521e-01
3.214434787991196085e-01 9.160379584450708546e-01
3.237841723811637484e-01 1.143106819270359731e+00
3.296933715286187727e-01 1.187802637821336216e+00
3.305799304762712665e-01 1.023266692202392747e+00
3.317631462969793943e-01 9.883008833318399633e-01
3.319061162472844995e-01 1.121950367451961750e+00
3.321024906175029101e-01 1.210838165640484743e+00
3.324507286465601674e-01 3.255522253791189313e-01
3.325000000000000178e-01 1.347499999999999920e+00
3.355359101243929887e-01 5.153904223957918029e-01
3.360859910146081764e-01 4.787596159786507433e-01
3.369110865723146664e-01 1.368769360220983389e+00
3.381794410280771768e-01 1.716674828200246417e+00
3.432831143549850972e-01 9.608337780113332949e-01
3.484725495457677846e-01 1.274454465860635155e+00
3.510302789735877393e-01 4.565233959016431475e-01
3.522259365761389871e-01 9.835686163139285565e-01
3.525094887642196140e-01 1.221385939024620892e+00
3.538824570551412640e-01 1.256244354774582073e+00
3.549470746235062757e-01 4.872634888016809662e-01
3.552719177549235052e-01 1.481992228558789648e+00
3.604324531303226276e-01 1.324384491722108592e+00
3.619223753990784553e-01 1.057250882382187118e+00
3.625542680615749802e-01 1.106838509528054182e+00
3.674999999999999933e-01 4.550000000000000155e-01
3.674999999999999933e-01 1.435000000000000053e+00
3.685689443175601543e-01 1.365712515324956966e+00
3.691889938532876281e-01 4.962487306344838256e-01
3.717801737486937652e-01 3.718668013905472303e-01
3.776027083121375472e-01 4.022636644736703460e-01
3.787252520152176727e-01 1.423723753994077468e+00
3.808858588086262986e-01 1.175963626211234292e+00
3.839380578077613015e-01 1.075523288453291260e+00
3.850000000000000089e-01 1.102500000000000036e+00
3.882034443377295752e-01 1.496870130291651169e+00
4.013151359885310798e-01 1.339696878672558711e+00
4.025000000000000244e-01 1.225000000000000089e+00
4.092009912487516443e-01 5.065604947516370027e-01
4.095219852185697507e-01 3.893006035049664249e-01
4.152340099184909095e-01 1.215501067515756484e+00
4.199999999999999845e-01 9.625000000000000222e-01
4.214363564388218242e-01 9.064980205609114439e-01
4.227929873695473462e-01 9.849593223832961986e-01
4.244733534994272750e-01 1.620547887946821808e+00
4.262748241662190907e-01 1.279301450480718971e+00
4.371532642225703924e-01 1.512132253884162170e+00
4.571942646905934882e-01 1.549795580326453370e+00
4.578534748218573425e-01 1.008055101409296883e+00
4.656174383462348687e-01 1.339859658221002281e+00
4.656616149703334262e-01 1.511742562471964701e+00
4.727063703781849147e-01 1.578313995416626314e+00
4.729006483168397557e-01 1.066674615938068005e+00
4.762649110339401970e-01 1.392796129687165374e+00
4.789849845090894953e-01 9.455674300486508477e-01
4.831016969842482633e-01 1.597055557133734149e+00
4.860861211291116479e-01 1.631572304771971016e+00
4.899999999999999911e-01 1.522499999999999964e+00
4.899999999999999911e-01 1.574999999999999956e+00
4.945980924978160553e-01 9.118021646327000296e-01
4.951742233838961615e-01 9.980260007870120909e-01
5.028229207543075674e-01 1.560678703515933075e+00
5.034965468010362821e-01 1.491320119651239340e+00
5.115880913304693411e-01 1.299762780295912190e+00
5.128384865604465048e-01 1.265122581480350394e+00
5.135761193458787677e-01 8.338713819997670140e-02
5.143178339585932068e-01 1.882684034432875742e-01
5.173499216667215572e-01 1.085649453430306499e+00
5.178043262709358663e-01 1.094764729627508287e-01
5.231397976874466726e-01 9.875517667273262523e-01
5.238535079882560286e-01 1.504118056925976887e+00
5.294806788398673802e-01 1.738616024159427009e-01
5.318064329327555351e-01 1.487818050661758873e+00
5.344568507259011003e-01 1.523859270107757791e+00
5.387930553959693336e-01 1.207932267447292096e+00
5.401316153020734312e-01 1.475020184807838808e+00
5.424999999999999822e-01 1.312500000000000000e+00
5.441815424639431242e-01 1.547870263599776974e+00
5.462452566713246194e-01 1.009153754128655045e+00
5.484200839945622130e-01 1.265152879114209927e+00
5.506042764668368505e-01 1.598782905617997407e+00
5.543006757382749061e-01 1.568630311087581441e+00
5.571323697157506416e-01 1.487481019039221142e+00
5.582805134032763350e-01 1.453018183630632620e+00
5.604242016306179019e-01 1.547237816181600278e+00
5.612737882377566434e-01 1.302191643652825803e+00
5.650845437028119145e-01 1.283414215837029859e+00
5.659549245200264922e-01 2.040322255657619210e-01
5.687751832173009170e-01 1.156002645906639703e+00
5.724328056004706067e-01 1.506692857749445391e+00
5.732310277507842722e-01 1.018242871556505058e+00
5.740210798852105611e-01 9.428729619964948405e-01
5.756987950560613632e-01 1.219270602617331001e+00
5.775000000000000133e-01 1.522499999999999964e+00
5.790459977121104052e-01 1.303514516506006249e+00
5.884955358010939275e-01 1.237976041552984130e+00
5.923577094984880942e-01 1.269641645442671551e+00
5.936084684883051743e-01 1.207035151669310746e+00
5.949999999999999734e-01 1.102500000000000036e+00
5.949999999999999734e-01 1.014999999999999902e+00
5.965004451758300075e-01 1.553635562719229091e+00
5.969880958328266374e-01 1.061391189342660413e+00
5.970211844034338800e-01 1.083344230876033487e+00
6.015257853442365077e-01 9.565100112422147971e-01
6.017663962991510740e-01 1.510242165033206962e+00
6.044513250047603981e-01 1.614711607485275202e+00
6.125000000000000444e-01 1.225000000000000089e+00
6.125000000000000444e-01 1.749999999999999889e-01
6.213080053791185664e-01 1.463741323501770886e+00
6.285678867014296012e-01 1.169566670267865538e+00
6.324158455923412081e-01 1.498889865465841575e+00
6.348370978694399813e-01 1.842739118916520979e-01
6.378770338199727385e-01 1.572281357570580074e+00
6.453385729301850393e-01 1.061831935285974193e+00
6.536279528417984208e-01 1.810373425364188438e-01
6.539962733725886990e-01 2.057200880844947566e+00
6.564611172889042168e-01 1.027067241085733107e+00
6.616464066384510900e-01 2.393108370046637123e-01
6.654103726511159111e-01 1.160119519637338392e+00
6.706961604622030393e-01 1.659145123389766108e-01
6.719864257848415789e-01 1.188306135056227175e+00
6.724147218850460295e-01 2.014276986114839740e+00
6.813625386328705513e-01 1.976980430074087192e+00
6.816220073277322600e-01 9.595292102838295367e-01
6.869344850883269959e-01 1.074815807390125499e+00
6.902960977188550284e-01 1.165468625193549990e+00
6.952634885879048765e-01 1.623849880679498980e+00
6.955798382635370869e-01 1.574309383510466231e+00
7.061935777125648572e-01 1.963797538501706352e+00
7.071003229683896496e-01 8.297803719705434400e-01
7.123438597156696028e-01 1.137942067674232005e+00
7.169168786477947419e-01 8.563351807337320487e-01
7.175000000000000266e-01 2.012500000000000178e+00
7.214439824178801031e-01 1.987920631581564956e+00
7.242723708951175343e-01 7.964921782166080044e-01
7.290704882945526766e-01 1.564963640782248699e+00
7.312474714362153794e-01 7.653807360117866887e-01
7.322397397728923618e-01 2.061810858447593819e+00
7.334093465303385129e-01 7.352253973611275750e-01
7.428513311594377999e-01 1.129301626380709855e+00
7.484404091733223297e-01 2.060980355467064928e+00
7.493800052849510784e-01 1.501401025599511607e+00
7.524999999999999467e-01 8.225000000000000089e-01
7.563784600821138460e-01 1.995239712923064790e+00
7.566497272239834926e-01 7.404746703487860016e-01
7.604596724650932726e-01 8.056995810792904056e-01
7.658481756038267863e-01 1.759401261761355695e+00
7.685357417046615458e-01 1.203681871451269147e+00
7.720993994732865406e-01 1.802805326052785428e+00
7.732212036569358071e-01 1.581985750900391841e+00
7.790737579628910225e-01 7.877406520724818950e-01
7.791906996775683769e-01 1.611326629702112490e+00
7.802566882126981129e-01 1.694433512769268013e+00
7.853867870270258011e-01 1.281398459376997145e+00
7.874999999999999778e-01 1.592500000000000027e+00
7.923704643268276726e-01 8.584763309951985999e-01
7.992329997287102028e-01 3.917101519484396666e-01
8.029974563193676973e-01 1.534836097337772820e+00
8.062126760722209129e-01 1.214846230703819918e+00
8.100746432125692786e-01 1.623586494944891712e+00
8.122265892202946702e-01 1.575003283362591322e+00
8.130256371100509361e-01 7.776940422590843394e-01
8.181237137213832611e-01 1.170563400465410631e+00
8.197385143768307625e-01 7.293847703453698594e-01
8.225000000000000089e-01 1.750000000000000000e+00
8.250021981416311156e-01 1.244590296310450039e+00
8.274971463911255931e-01 7.581196517661870082e-01
8.306372611466473765e-01 1.476646325980386587e+00
8.324403235379109756e-01 1.186175408674549070e+00
8.363633258417173533e-01 1.827651057287815295e+00
8.384142579083844193e-01 1.652143520130761711e+00
8.408238657236426494e-01 1.016445903832283726e+00
8.421754552172545649e-01 1.039483430294732003e+00
8.431317746321896900e-01 1.634863971809887628e+00
8.444887549771422641e-01 1.848749377407374883e+00
8.448297633840569087e-01 6.950443948039400910e-01
8.462925432727803621e-01 1.704513027831326299e+00
8.473658498475657996e-01 7.605842820382607838e-01
8.509048479454478509e-01 7.887891534685136374e-01
8.514885848750740616e-01 1.814175471118879335e+00
8.520630616580211480e-01 1.597166764452969900e+00
8.521281580180504189e-01 1.153555888519403938e+00
8.529436317318412897e-01 1.484190063973385376e+00
8.554434808171180737e-01 1.367205367384226156e+00
8.568674864437780814e-01 7.134119385028082627e-01
8.575000000000000400e-01 1.189999999999999947e+00
8.589294549762424014e-01 1.465807248577062571e+00
8.592225659683939698e-01 1.758051139023592890e+00
8.646057458043989730e-01 4.596877788790694197e-01
8.651848743389202179e-01 1.138735495432321665e+00
8.687045815559538697e-01 1.077715289779521468e+00
8.692393184718563148e-01 1.218213661384970559e+00
8.714136564094685511e-01 3.597531951100481629e-01
8.739356802027247184e-01 8.374237196752969403e-01
8.750000000000000000e-01 1.452499999999999902e+00
8.750000000000000000e-01 7.874999999999999778e-01
8.753062968376347230e-01 1.594305588633108783e+00
8.757049348762920848e-01 1.202505949208893421e+00
8.776960987996310637e-01 1.010526324649321905e+00
8.796335047708639943e-01 8.941951729606067989e-01
8.811464515369467065e-01 1.612454300107567073e+00
8.857135797039226155e-01 1.106246363606034899e+00
8.863060600616714524e-01 3.378490906622956813e-01
8.903466418098141544e-01 1.754095762607095654e+00
8.908443115944922885e-01 1.831725359195757630e+00
8.924999999999999600e-01 1.662500000000000089e+00
8.924999999999999600e-01 1.032499999999999973e+00
8.939731392054094394e-01 7.339495456308277044e-01
8.940968563912996547e-01 1.137426089213475544e+00
8.991574452872316270e-01 1.190846209638600994e+00
9.020258675850185703e-01 1.117685135336333513e+00
9.041083335261066445e-01 1.581217650114612683e+00
9.041709799214091570e-01 1.383521216841135715e+00
9.043085114153590620e-01 1.160161052238902313e+00
9.060024419046700528e-01 1.213509359000733090e+00
9.080707940776253650e-01 1.413253302407229794e+00
9.092125491061694431e-01 6.881281926303063345e-01
9.100000000000000311e-01 3.674999999999999933e-01
9.111078303107675858e-01 9.639036998621072216e-01
9.146576651319213713e-01 3.484795390819884764e-01
9.182941876283612359e-01 4.062754114599657074e-01
9.213046547147839549e-01 1.774610246189353591e+00
9.219049917472879052e-01 1.645972483791137364e+00
9.230384568815143131e-01 1.459826211797113249e+00
9.258892784850201174e-01 1.147970342594871074e+00
9.274907330007866602e-01 1.386490431128927447e+00
9.294130191118358253e-01 1.889746344612833751e+00
9.327066726880309799e-01 1.610350160331983860e+00
9.331441075098709792e-01 1.164886860666604296e+00
9.331731876380912061e-01 1.448625417608727428e+00
9.334617793857589163e-01 1.009208575618112391e+00
9.393410878310726186e-01 1.727022629230587025e+00
9.395888676757896407e-01 3.677213370606740028e-01
9.406884951701423025e-01 2.038640840159199552e+00
9.410252728267763933e-01 8.106120640724827631e-01
9.423196867325747128e-01 1.107826489524474933e+00
9.428702587976544036e-01 1.355269911864775523e+00
9.442227951185904189e-01 1.801759229490228265e+00
9.447704433401258317e-01 1.482011071690669590e+00
9.449999999999999512e-01 1.820000000000000062e+00
9.449999999999999512e-01 1.137499999999999956e+00
9.453771108778042942e-01 1.188602832930147457e+00
9.486068207924621687e-01 1.857173658625600909e+00
9.501461911921900150e-01 1.739892740541863603e+00
9.524741703070089827e-01 1.166166440418670680e+00
9.545861717397247093e-01 1.760750888040522932e+00
9.579733046798776241e-01 3.204481174464302029e-01
9.593249363384763750e-01 1.235415146228586281e+00
9.625000000000000222e-01 1.207500000000000018e+00
9.671809827302233487e-01 8.230668358473848256e-01
9.700341086912113164e-01 1.106537162725704349e+00
9.712747150927842910e-01 1.753018497326328973e+00
9.712949838641826705e-01 1.475768924603583443e+00
9.718171497731739050e-01 1.734265451491125543e+00
9.748092410288210496e-01 1.491705232011792726e+00
9.765617979768776991e-01 1.002318671116509075e+00
9.774143410870501647e-01 1.201475915194796684e+00
9.793819716656386731e-01 1.597639463753190325e+00
9.799999999999999822e-01 1.627499999999999947e+00
9.801916706530285905e-01 1.878632596989574965e+00
9.807765306119228255e-01 1.654120565388592645e+00
9.813641206328467259e-01 1.179470854629304899e+00
9.823400503776406056e-01 1.220125332022283571e+00
9.860701948721301013e-01 2.034638098408629858e+00
9.881347713440348235e-01 1.451904510868491371e+00
9.915160267619912426e-01 1.240129861326075833e+00
9.930313697069420575e-01 1.611610226412360181e+00
9.968874149522319872e-01 1.176925547387399185e+00
9.973384402552794015e-01 1.391882791898788607e+00
9.975000000000000533e-01 1.435000000000000053e+00
9.984633497082556763e-01 1.463809127713788572e+00
9.988660256814019256e-01 1.846283298923229621e+00
1.003249407321177067e+00 1.101288762885220818e+00
1.006229920052853055e+00 1.797854058057619220e+00
1.008437367713590715e+00 9.044405213041218916e-01
1.009645229074587869e+00 1.662933332399567643e+00
1.012118944883207083e+00 1.244669054820427778e+00
1.013379445335004236e+00 7.334196024569213934e-01
1.014999999999999902e+00 2.064999999999999947e+00
1.016269565867568225e+00 1.418820236810726554e+00
1.016745276481229254e+00 1.006712849811032928e+00
1.020127408514881262e+00 1.138720878408206794e+00
1.022868579228684016e+00 2.027200350480889757e+00
1.023258309591843718e+00 1.469598292066304213e+00
1.025117676994087068e+00 1.175634875572349136e+00
1.027512953935772577e+00 2.043771472412420742e+00
1.027970511874002568e+00 1.976851483548115018e+00
1.028292284414319413e+00 9.288318215959634472e-01
1.032061657760036999e+00 1.580723765322563201e+00
1.034405441618399868e+00 1.481305699908627371e+00
1.044893258513843071e+00 1.598469549829652836e+00
1.047723593047525492e+00 1.359286196988048978e+00
1.050654282812575557e+00 1.506191831771702905e+00
1.051986752039315354e+00 1.241803770664586803e+00
1.055114140207623619e+00 1.091454540098966586e+00
1.057726584600681141e+00 9.121419027357358100e-01
1.060999503916280062e+00 9.994821205808541720e-01
1.067499999999999893e+00 9.274999999999999911e-01
1.074419912620927509e+00 1.130066362430627303e+00
1.078046625544409665e+00 1.408027534419642457e+00
1.087920715909061586e+00 8.293696186450254526e-01
1.088466533631595734e+00 4.285974069054495628e-01
1.092439135123775662e+00 9.892795950488076917e-01
1.100861508848758330e+00 1.052683484805428948e+00
1.101975921628126409e+00 6.179065855800942586e-01
1.102500000000000036e+00 1.435000000000000053e+00
1.104070278724358145e+00 1.414510705574719474e+00
1.106758936238354307e+00 1.128697145564718118e+00
1.108745145561720324e+00 8.953448398969816591e-01
1.110719665550972124e+00 9.539540462036696367e-01
1.111030098285398449e+00 8.514227357038142152e-01
1.112136507288966181e+00 1.108224988870808891e+00
1.112441207367765195e+00 4.870237472067927009e-01
1.117895788393290513e+00 1.251457658668242878e+00
1.124034407478377462e+00 6.873284836020374655e-01
1.124820617074610674e+00 7.426117880524928383e-01
1.125036235839559362e+00 1.506321087019134142e+00
1.129136717615584429e+00 1.414772531396058852e+00
1.131127509666031594e+00 4.746749496079490371e-01
1.131297909967164728e+00 1.296316512324397152e+00
1.131362098964497021e+00 4.306163770230899690e-01
1.133621173476618615e+00 6.700504896806478428e-01
1.134262146570971241e+00 1.268549039741014406e+00
1.134425875081842339e+00 1.381409045206624775e+00
1.137843297639375972e+00 1.488060490055783891e+00
1.138488235496907475e+00 1.066593815396693845e+00
1.140484951239929101e+00 1.502970652554812325e+00
1.146091941907268152e+00 1.251481102680634949e+00
1.149242286001672664e+00 4.619475499049343625e-01
1.154803038867485254e+00 1.154778764252350820e+00
1.155000000000000027e+00 1.102500000000000036e+00
1.161156698970721157e+00 6.747449964884696394e-01
1.164809712620141990e+00 1.304485084510986770e+00
1.165581823730207578e+00 6.994157398687449456e-01
1.167984276760638762e+00 4.234574758413300888e-01
1.171949473395071495e+00 7.728950430405289174e-01
1.172500000000000098e+00 7.175000000000000266e-01
1.172500000000000098e+00 4.899999999999999911e-01
1.173299465610072589e+00 1.027157605643217675e+00
1.176220062354189411e+00 1.100676467212011067e+00
1.185484083794675181e+00 1.260161688240472699e+00
1.188266876867204003e+00 1.217054044554107151e+00
1.189237869839189443e+00 6.859225878026591339e-01
1.189469200134978477e+00 4.370357979128824955e-01
1.189999999999999947e+00 1.277500000000000080e+00
1.199878500611533783e+00 1.302462634278782838e+00
1.206383903681391701e+00 1.283980719968640161e+00
1.210268533453619622e+00 4.476892605443120177e-01
1.212365090067724305e+00 1.225919243548222459e+00
1.213987391278337880e+00 1.241619717473866125e+00
1.214357371625114146e+00 1.308647227345909991e+00
1.219300686329568117e+00 1.259108728749851913e+00
1.222289778944357863e+00 6.723172151760827830e-01
1.225727476703613705e+00 7.474125655296348647e-01
1.228745254954892507e+00 9.854694307634577211e-01
1.234190056733559970e+00 1.237675735952405542e+00
1.237311184590522695e+00 1.077997475503209346e+00
1.239744538847641797e+00 7.354311413739792469e-01
1.250492932201523022e+00 1.269649585828886318e+00
1.256861145813766845e+00 9.758992088709101953e-01
1.259356816299454174e+00 1.342143863123736791e+00
1.260000000000000009e+00 9.975000000000000533e-01
1.266841714175262368e+00 8.547567755006164891e-02
1.268969705755526034e+00 1.106024241753575499e+00
1.274994155941999496e+00 1.045602385783579225e+00
1.282580474642761814e+00 1.143952128761636322e+00
1.286699522351874680e+00 1.198008848706513696e+00
1.306900194554951877e+00 1.233400202765566389e+00
1.312110316453398484e+00 9.886962684951783320e-01
1.312500000000000000e+00 1.155000000000000027e+00
1.317495144128669970e+00 1.069939467385779608e+00
1.320971849629503758e+00 1.004973866742073785e+00
1.329717682479759411e+00 9.223267834271586807e-01
1.329917274087544010e+00 1.205945778636958510e+00
1.332322731242798319e+00 1.189236707658924530e+00
1.344638400008342671e+00 1.158307094460740316e+00
1.360242733446692665e+00 1.047340378702729558e+00
1.376624259908366676e+00 4.583662849550132479e-02
1.385857957054527301e+00 1.102936007406594587e+00
1.386954906991686443e+00 2.504608851963618932e-02
1.388492034104804151e+00 5.621828063289236593e-02
1.417499999999999982e+00 1.750000000000000167e-02
1.423591323813019782e+00 7.594247792492040405e-01
1.434838946682162719e+00 9.411752680273692828e-01
1.457349762711609653e+00 1.081461556344601727e+00
1.471811641838870477e+00 5.779555325552147155e-02
1.475693507274457694e+00 9.435379514420224600e-01
1.487179566349062565e+00 9.971958018469792018e-01
1.497023684087272599e+00 7.429016322272784523e-01
1.504818201175635028e+00 1.044346677642392418e+00
1.517296222964414687e+00 6.342190773812826643e-02
1.522175205692943178e+00 1.068443098882464248e+00
1.522499999999999964e+00 6.999999999999999556e-01
1.522499999999999964e+00 9.625000000000000222e-01
1.534185749952945654e+00 9.291987523755831369e-01
1.535598285563881449e+00 1.099533600801385902e-01
1.537037971335076580e+00 5.982611271815899134e-02
1.539852730541817927e+00 6.642060527432782635e-01
1.540181747160735526e+00 1.041348563072823641e+00
1.542522130999576913e+00 1.713638150296202534e-01
1.557500000000000107e+00 5.249999999999999806e-02
1.559157555779958182e+00 9.100410025140642789e-02
1.569186921926880141e+00 7.291374052883130563e-01
1.578116070623333256e+00 1.009904265934236545e+00
1.585641539693844582e+00 9.668372891076395526e-01
1.586806867955835587e+00 9.491388053939797675e-02
1.605148688988590200e+00 4.112998955934980133e-02
1.609059740417885020e+00 6.886405751996902413e-01
1.609894691688100066e+00 9.696514043843024178e-02
1.614954627558130129e+00 2.175220116841665094e-02
1.623667922383707607e+00 4.848633343696476944e-02
1.649827640345604918e+00 7.676704330335791804e-01
1.653751318044860419e+00 8.190167575792851595e-01
1.655362511467917352e+00 6.606572327452666649e-01
1.668121910865031143e+00 6.961360787567922870e-01
1.676518827245845999e+00 7.586465904617556433e-01
1.679219074035802395e+00 2.937225057948681384e-01
1.680845051736559403e+00 8.015770083760539455e-01
1.681075668388648081e+00 7.039799644286344193e-01
1.683961782686053343e+00 2.196227981961656472e-01
1.690687289335901511e+00 6.790543013779603010e-01
1.696341613079082489e+00 7.597280039037814792e-01
1.697309228864105402e+00 2.312673545430888600e-01
1.697500000000000009e+00 7.349999999999999867e-01
1.706300373128507575e+00 6.848536621982640460e-01
1.716822579853746422e+00 7.028781936981378653e-01
1.720035496783294926e+00 1.659406005383219362e-01
1.723707485467566913e+00 3.147126810982902034e-01
1.735230750613894868e+00 7.398873015840062850e-01
1.741668282658761280e+00 8.084855966779117553e-01
1.759037167345838926e+00 6.908278222445046746e-02
1.759162370897072059e+00 6.016790899493695832e-01
1.764221250982957567e+00 2.589703745112461597e-01
1.767500000000000071e+00 2.275000000000000078e-01
1.770709097668848875e+00 9.562900905208482349e-01
1.776682409078167879e+00 5.875461376370320898e-02
1.787223690686654765e+00 2.330620128119604562e-01
1.793231731694376219e+00 2.479486133181709739e-01
1.794966096009211975e+00 2.090232320435125024e-01
1.798802222610348389e+00 2.659442723908284623e-01
1.808189441276425669e+00 1.034684043940436116e+00
1.808840119210411990e+00 1.710502248677156778e-01
1.817910806757736975e+00 9.597988383579724170e-01
1.820608156901656560e+00 8.939883997735140753e-01
1.825965335669702094e+00 5.680373890256964348e-02
1.827584447294652081e+00 1.936965616482576036e-01
1.841091321707157391e+00 1.022696090054806994e+00
1.847415463165272831e+00 9.820103600613545591e-01
1.854999999999999982e+00 1.014999999999999902e+00
1.858525045445311052e+00 2.753719183149749491e-02
1.864570184613487225e+00 9.385149279780232723e-01
1.889999999999999902e+00 5.249999999999999806e-02
1.891302545787080236e+00 1.034586771833461150e+00
1.908346311840988241e+00 1.052170589295289060e+00
1.913235187627024603e+00 8.327450621995186042e-02
1.934993069274776767e+00 7.876020360651539431e-02
1.944704335644164228e+00 1.050073217336044085e+00
1.952670863258396894e+00 9.513860747383274807e-01
1.961646695484054792e+00 9.683508587254803235e-01
1.973685885738831747e+00 3.299599375937167789e-02
1.980340159981847314e+00 1.055714519625175374e+00
1.994128376885678566e+00 1.033558484636672326e+00
1.995000000000000107e+00 9.975000000000000533e-01
2.034882553583150067e+00 9.668181537913381751e-01
2.075326003088596050e+00 1.027123256296476717e+00
2.250000000000000000e+00 1.499999999999999944e-01
2.299999999999999822e+00 8.000000000000000167e-02
2.490000000000000213e+00 1.499999999999999944e-01
2.600000000000000089e+00 2.000000000000000111e-01
2.694422839095220290e+00 8.968246409960416166e-02
2.696923131117400452e+00 1.637214763152616825e-01
2.728438747792288233e+00 1.615235847960156401e-01
2.748183052284767225e+00 8.936405211567929885e-02
2.751836932306290340e+00 6.443217655327769522e-02
2.771957323803525775e+00 1.762464108465463530e+00
2.782500000000000195e+00 1.049999999999999961e-01
2.783232939201577771e+00 1.419169397096698981e-01
2.783284941752810493e+00 7.523772679956369780e-02
2.799224786669636700e+00 1.784136271163161980e-01
2.800185829653702996e+00 1.736984018416554809e+00
2.805305506022958806e+00 1.004740650253318268e+00
2.806084185257307073e+00 1.711185881118439278e+00
2.811307917260586375e+00 1.186791462289224774e-01
2.825244510622747729e+00 1.764986853108529152e-01
2.829642363132152116e+00 1.752983760542224712e+00
2.838284933814135158e+00 1.059977077782795263e+00
2.847418156453367821e+00 1.711496680326520581e+00
2.852500000000000036e+00 1.732499999999999929e+00
2.862549102818925384e+00 1.634693293465121933e+00
2.862989729640419423e+00 4.379616815355164561e-01
2.865352009563510549e+00 9.284520199234174154e-01
2.868200705224773106e+00 1.775436697620950799e+00
2.870000000000000107e+00 9.975000000000000533e-01
2.871607936241831194e+00 1.705661683475184986e+00
2.876617277248704418e+00 1.723697674109627487e+00
2.885265163013043477e+00 1.072406953531247487e+00
2.887763441511219664e+00 5.452281033596315662e-01
2.890848537978533805e+00 5.053181595116618130e-01
2.893415919409224379e+00 9.675401008261889091e-01
2.897650009073818644e+00 1.749033059543417590e+00
2.906299947786266991e+00 5.056197231864186792e-01
2.911693742305495380e+00 9.981869377079458650e-01
2.912445890696873985e+00 1.043208517980845906e+00
2.925351394108419267e+00 9.283645190447628037e-01
2.925982795789516810e+00 4.393152219774107414e-01
2.939999999999999947e+00 4.724999999999999756e-01
2.942233165754238211e+00 4.479829734400523344e-01
2.944858883408051575e+00 1.319440286054815115e+00
2.950839117863083061e+00 8.810499380570546712e-01
2.950921176887437269e+00 1.385265533939080029e+00
2.952501283779907837e+00 4.316480328944942713e-01
2.953164598671867758e+00 5.263010080255466905e-01
2.954248074694975301e+00 3.108163446233918048e-01
2.961928770686428791e+00 9.365507112338753437e-01
2.963107109124166083e+00 5.100508322783097181e-01
2.964634040789079883e+00 4.114249619540549241e-01
2.966599951977323180e+00 4.849837471769946617e-01
2.967953117929473361e+00 4.345512577659358389e-01
2.970291250604199185e+00 5.848543551333855728e-01
2.979403225903573649e+00 2.702149606254485303e-01
2.980329534265405922e+00 1.744570582460010510e-01
2.982557278824007785e+00 5.175865106005846927e-01
2.983202094814595640e+00 1.214137582739635013e+00
2.983376383398694376e+00 8.436916973538391984e-01
2.983773242501019052e+00 8.198900977115660682e-01
2.991459848469764982e+00 2.961986763303117165e-01
2.992030198010929620e+00 7.946982955021122397e-01
2.994002753056361765e+00 4.106261860034013944e-01
3.000203364694558950e+00 1.299633591579342662e+00
3.005302714100125172e+00 8.696860126897888454e-01
3.006429716320168755e+00 9.745355656127440147e-01
3.007375366187777566e+00 3.859628332370410586e-01
3.011294086841091122e+00 9.083640857308366012e-01
3.016264028274008968e+00 1.496701936842558034e+00
3.017128986855193595e+00 1.476015834910157309e+00
3.027499999999999858e+00 8.750000000000000000e-01
3.027499999999999858e+00 2.449999999999999956e-01
3.028969226451743157e+00 9.374078725391675748e-01
3.032405914716791884e+00 1.505648805205265228e+00
3.035020001676733692e+00 2.869655929414413609e-01
3.038005500486067323e+00 9.065343282587737805e-01
3.044999999999999929e+00 1.435000000000000053e+00
3.047189722789122257e+00 1.220041876339334141e+00
3.048030448396718661e+00 8.349361351891289029e-01
3.049033546608060696e+00 5.742988286984251900e-01
3.051032537303118186e+00 1.191005780425661964e+00
3.054561598481192686e+00 1.256237336170961116e+00
3.054572462642472175e+00 2.923076592136503171e-01
3.057019688921109868e+00 1.495683657358537255e+00
3.057562711332682870e+00 5.062356406251788954e-01
3.057758990392706266e+00 9.211210828144584806e-01
3.059005964617612428e+00 2.564366211891727643e-01
3.060945545893201558e+00 1.131693952704810879e+00
3.062999585122560653e+00 1.205917918787777543e+00
3.068260004366293980e+00 1.453558446421324479e+00
3.072154612395528783e+00 5.675511951569771618e-01
3.080772394681414728e+00 7.548857665477433088e-01
3.081332801801749177e+00 1.559313282410530022e+00
3.083597079954397913e+00 1.264245959603412794e+00
3.089777513819805144e+00 1.636868837745173444e+00
3.092726084722878799e+00 1.145110155851973843e+00
3.093916782211653782e+00 1.517889467115060231e+00
3.094468401886648401e+00 5.074594171425181877e-01
3.097500000000000142e+00 5.250000000000000222e-01
3.098272632937330240e+00 1.246323994543116376e+00
3.099213170431792896e+00 2.015966203239488053e+00
3.100625455816854448e+00 1.230179914298879185e+00
3.100846886077956555e+00 2.955606454919980641e-01
3.103680652306724852e+00 1.703106328610067832e+00
3.106842208219597001e+00 2.032071412628065232e+00
3.112093804177607392e+00 1.218608197852511399e+00
3.115000000000000213e+00 1.260000000000000009e+00
3.115000000000000213e+00 1.189999999999999947e+00
3.115505325106012524e+00 1.236142317362543874e+00
3.117790276744278888e+00 1.138393272180240334e+00
3.118088793644261170e+00 4.677922925679382504e-01
3.130969913687416284e+00 5.337765354559412811e-01
3.134818020623417745e+00 1.253196458386474976e+00
3.139802255095835104e+00 1.969899899952433753e+00
3.141171382781857702e+00 1.670013433646295731e+00
3.144821014542982685e+00 1.179357471218557940e+00
3.145887024347088889e+00 4.928900715244162734e-01
3.146394790531059638e+00 1.211798898994311147e+00
3.147388139734667245e+00 1.787426446663823221e+00
3.151108847750844433e+00 1.338790162131351380e+00
3.154250719314223961e+00 1.386345278295187056e+00
3.154701794939375414e+00 1.154200156575485359e+00
3.157465703311084226e+00 5.371305416776765984e-01
3.157722273460442874e+00 1.222403328063992101e+00
3.159213205543065950e+00 8.317690165653808254e-01
3.159392682440480993e+00 2.042957010839720589e+00
3.160875931860385624e+00 1.357737835943883253e-01
3.161124570452731763e+00 1.249671767961412883e+00
3.163010566632040277e+00 1.750563034650583605e+00
3.166336665115201399e+00 1.578569038482921627e+00
3.167499999999999982e+00 2.012500000000000178e+00
3.179334913118739614e+00 5.168606515957627767e-01
3.182015395771404354e+00 1.648028850055914596e+00
3.184789759720846547e+00 1.791530396423855143e+00
3.185541977294818139e+00 1.675116932202231623e-01
3.185546377420715558e+00 2.016844381602160841e+00
3.186725147676154890e+00 1.669286027154231355e+00
3.193952999730676368e+00 1.277168886222001865e+00
3.195872251352958937e+00 1.849944621875413420e+00
3.197775216567429801e+00 1.332973131256342647e+00
3.202150960862014450e+00 1.791642287642698950e+00
3.202500000000000124e+00 1.645000000000000018e+00
3.202712380672255499e+00 1.674332181666082775e+00
3.204644804437583261e+00 1.618575194153132113e+00
3.205896344090352734e+00 1.310665278224928398e+00
3.212037224259174373e+00 1.346091156378126374e+00
3.213040281024204692e+00 1.276422200248988226e+00
3.216906143186170741e+00 1.850334478080768008e+00
3.219197913783438114e+00 1.625789228392886310e+00
3.220000000000000195e+00 1.294999999999999929e+00
3.220000000000000195e+00 1.802499999999999991e+00
3.224691596202381216e+00 2.159736284159011754e-01
3.225761908933466149e+00 1.219739577289416399e+00
3.227857426674436869e+00 2.059198250924712426e+00
3.231584351928860954e+00 1.660495585876685665e-01
3.232448633250811554e+00 1.607106847696256224e+00
3.234566248665557531e+00 1.289604781512826204e+00
3.238152188418501609e+00 1.313585616741979045e+00
3.240227501679115552e+00 1.333379817180375460e+00
3.243199122316855920e+00 1.759904489156258744e+00
3.249598556480583156e+00 1.800021853927433968e+00
3.250308317043185902e+00 9.254132778077229782e-01
3.250868783563081177e+00 1.847428663586325459e-01
3.252063249463782668e+00 2.017560760473067205e+00
3.259148889078683720e+00 1.238289676816750395e+00
3.261141594795904375e+00 1.434262357496114415e+00
3.262908602118360868e+00 1.250479739722359929e-01
3.264884335354472533e+00 1.761618811589675815e+00
3.265923777390757010e+00 1.866053696286342323e+00
3.268046329739036526e+00 1.805843694782678588e+00
3.269429152121988480e+00 8.845139112961410977e-01
3.278833442170626000e+00 1.458521473431575455e+00
3.278944308497645732e+00 1.609324033272119259e+00
3.280571741582502199e+00 1.922069787106569227e-01
3.281855291787715956e+00 1.587220672954654521e+00
3.289020321126788104e+00 1.748075113497260968e+00
3.290000000000000036e+00 1.750000000000000167e-02
3.290000000000000036e+00 1.749999999999999889e-01
3.293946461227045930e+00 2.049357904721982870e-01
3.299695366646229644e+00 1.455430970106010413e+00
3.301155263755637392e+00 1.375627637718987550e+00
3.308555124902823774e+00 1.594809636200676950e+00
3.309470950903231845e+00 8.670328056939737849e-01
3.316114876543982515e+00 1.260068828107534289e+00
3.319914784252228745e+00 5.652720250367904847e-02
3.321385139428543187e+00 1.396966502370072138e+00
3.323477126389839942e+00 1.276121112352247566e-01
3.325000000000000178e+00 1.435000000000000053e+00
3.326707039679756672e+00 1.681247364957194179e+00
3.337535084437463162e+00 5.712182051095943125e-02
3.342499999999999805e+00 8.750000000000000000e-01
3.350890201572235494e+00 9.570294745267891035e-01
3.350944334043437056e+00 8.557513532609013485e-01
3.351407148825306770e+00 1.630936755183040487e+00
3.351987829128750818e+00 1.403966708669770913e+00
3.352599639366754758e+00 1.445022765705745504e+00
3.359325374063079295e+00 1.488064033484939097e+00
3.360493992953880849e+00 7.863801102834159229e-01
3.363534177663209945e+00 8.832666224644102337e-01
3.365059841503994065e+00 1.413134775677049371e+00
3.365984525173534525e+00 2.430293392411767561e-01
3.370675276600354930e+00 1.596360577502293321e+00
3.373764268818517653e+00 1.451207512873375460e+00
3.375553877747358822e+00 8.997928277328375302e-01
3.377065043451568993e+00 1.168176089143852403e+00
3.381462491122169567e+00 1.427196062631135742e+00
3.384710036691072954e+00 2.111240742057007846e-01
3.393121349117758534e+00 1.014100453882374353e+00
3.393594264137031580e+00 9.324699510251239776e-01
3.397389267359891107e+00 1.444049347284834584e+00
3.405106454068657307e+00 1.556272301363907928e+00
3.408486543577391004e+00 1.458645925051156311e+00
3.411572973602080783e+00 1.668307884373952055e+00
3.412500000000000089e+00 1.610000000000000098e+00
3.414053876576428337e+00 1.382389184965660878e+00
3.415045380673891184e+00 1.164876755369721462e+00
3.421605371771275994e+00 1.334492911732432674e+00
3.422664135258306484e+00 1.065631648673984522e+00
3.427864934823634524e+00 1.259760324566265854e+00
3.430000000000000160e+00 1.435000000000000053e+00
3.430435510441287139e+00 1.451775921985431594e+00
3.430476837814179891e+00 1.212999747394696515e+00
3.431170073474880233e+00 1.762620018612798267e+00
3.431190525768607280e+00 1.516691119886227623e+00
3.435423353170695027e+00 1.550602353275868373e+00
3.439156420356253463e+00 1.497513931482244764e+00
3.439565794057760861e+00 1.237313376895578632e+00
3.439996980522032732e+00 1.281923334046457530e+00
3.447499999999999787e+00 1.067499999999999893e+00
3.451065642644838505e+00 8.909307566482629337e-01
3.452668279223729098e+00 1.676091169288054017e+00
3.453172599670776499e+00 1.521278179324470070e+00
3.453585616117614165e+00 1.089877000772663695e+00
3.455291375249202712e+00 1.490357996463180124e+00
3.456024972433660025e+00 9.654838329014437948e-01
3.456659098013602271e+00 1.364410557403291868e+00
3.456855938105145132e+00 1.698695740163294277e+00
3.456974922207058931e+00 1.245845912152849344e+00
3.462367411721313903e+00 1.538933571521745813e+00
3.463764079711905364e+00 1.171945153234629000e+00
3.464999999999999858e+00 5.249999999999999806e-02
3.464999999999999858e+00 1.260000000000000009e+00
3.466006651087327306e+00 1.020439014228247815e-01
3.466035898219455014e+00 2.911277556387213972e-01
3.466893647676009493e+00 1.402384619148032696e+00
3.470155893994011809e+00 1.745075046064284985e+00
3.474143035740246521e+00 1.453010834100345816e+00
3.474188310488054654e+00 1.431121327366792206e+00
3.475502660164544899e+00 1.639904929151770885e+00
3.476548739513533715e+00 1.546080068448460132e+00
3.481404333835862008e+00 1.027871384071664451e+00
3.484546212232797036e+00 1.614510060001157266e+00
3.485635677986279379e+00 1.495158597480537699e+00
3.490256132999514538e+00 1.574801904230813454e+00
3.490381622147462171e+00 1.416850070798432837e+00
3.491297862599615609e+00 1.443230371048778604e+00
3.496896513850824562e+00 2.888890704059877690e-01
3.497940990873949829e+00 1.030444086246123936e-01
3.500000000000000000e+00 1.487500000000000044e+00
3.500000000000000000e+00 1.662500000000000089e+00
3.501680376701173714e+00 1.023108926117683115e+00
3.504792296868649792e+00 1.105939203363422108e+00
3.508135533453328847e+00 1.775704178916736042e+00
3.512934782015579849e+00 1.527525382175448421e+00
3.513355778919908801e+00 8.574191457790811821e-01
3.518955058343065989e+00 2.267258541128249760e-01
3.519260770251733561e+00 1.168704209346245193e+00
3.520702653246436942e+00 2.094525723553129493e-01
3.521690175094831954e+00 2.722398102062073555e-01
3.525428718364603586e+00 1.481097021872264774e+00
3.526627907739001699e+00 1.441110715612183624e+00
3.528707148062296461e+00 1.305174103038638123e+00
3.531687580886274880e+00 1.075907259702056251e+00
3.534068388160981122e+00 1.416499296378277706e-01
3.535000000000000142e+00 2.800000000000000266e-01
3.542302453816698282e+00 1.586080989730408897e+00
3.544047757661405118e+00 1.878558832626616437e-01
3.545527752609308969e+00 1.310040642096504282e+00
3.546075213635705659e+00 1.135071913364031237e+00
3.546630543319937434e+00 2.426035917853054391e-01
3.546986221518797056e+00 8.548335005666271025e-01
3.547580222596260047e+00 9.496934054652985679e-01
3.549774753093071222e+00 1.344583867178269054e+00
3.550023609939612967e+00 5.358113003396670626e-01
3.551110719997124132e+00 3.041712167342877637e-01
3.554703198089839145e+00 1.279882769740536386e+00
3.556571851629426462e+00 1.325316832269656242e+00
3.560469571770745745e+00 8.315062612950242515e-01
3.561665360528954771e+00 2.555030958785940998e-01
3.563265959696602092e+00 1.187936497178570638e+00
3.565890826065962749e+00 1.208513739039409174e+00
3.568252290338100874e+00 1.233356307892096604e+00
3.568573798910517514e+00 1.485969024588824405e+00
3.569999999999999840e+00 1.172500000000000098e+00
3.570915840982662459e+00 1.878352595168492623e-01
3.573926971349233650e+00 2.887630047279904355e-01
3.577786650628544951e+00 1.134464431278415564e+00
3.578905633853235901e+00 2.118509759468820419e-01
3.581969453969909623e+00 1.332135632070669429e+00
3.582470045496512601e+00 1.182135283454303298e+00
3.582705884513457395e+00 3.061450967840268489e-01
3.587499999999999911e+00 1.435000000000000053e+00
3.587957362594009325e+00 2.612535862127335906e-01
3.594737733738891716e+00 1.130815673932044962e+00
3.597235735600412099e+00 1.240774984290543781e+00
3.598460574554259050e+00 1.423922807975110949e+00
3.599254150957969411e+00 1.475506952395890359e+00
3.601102095844638473e+00 1.205909758801265719e+00
3.603819960871456285e+00 1.386166408057948995e+00
3.605809079479797674e+00 1.166132133638478896e+00
3.609566558429387673e+00 1.327869316374655995e+00
3.612176723797607458e+00 1.569404984753753673e+00
3.612196011217520653e+00 1.188448336960044927e+00
3.615881899122669552e+00 1.470118192899813492e+00
3.616805152438748117e+00 9.409781090578901441e-01
3.622500000000000053e+00 1.925000000000000044e-01
3.622500000000000053e+00 1.294999999999999929e+00
3.624834176581132716e+00 8.719595951797791678e-01
3.626618760640426764e+00 2.505617555507987371e-01
3.630468914562721139e+00 2.166699627841412179e-01
3.631523046783084130e+00 9.001683292798988711e-01
3.635017685965141965e+00 1.530408833837736404e+00
3.638646303753622302e+00 1.143687509077031761e+00
3.640000000000000124e+00 8.750000000000000000e-01
3.640767819383262438e+00 1.500204744327970019e+00
3.642304324162318530e+00 2.259891835790576731e-01
3.648693386099714608e+00 4.994684337731818968e-01
3.648716383448790346e+00 1.336899865571937296e+00
3.659481426915171198e+00 5.822140588357673785e-01
3.662137829413948609e+00 1.503885437730209107e+00
3.663552484469569936e+00 1.458081736494325265e+00
3.669180584447538251e+00 1.502862501440983545e-01
3.669996076323286616e+00 6.027627516349978176e-01
3.670322420604425151e+00 6.798871682460725374e-01
3.670512488032713350e+00 1.026783104458959706e+00
3.671523242906553186e+00 1.584412400681267430e+00
3.672230328152491730e+00 1.470537279614316795e+00
3.672469212730281818e+00 1.090277915336720138e+00
3.674999999999999822e+00 5.250000000000000222e-01
3.679950665826493328e+00 8.167532876290117816e-01
3.680271860543061990e+00 1.370690478080665575e-01
3.680514816563700276e+00 6.950002445608739476e-01
3.680520699363720283e+00 1.816829862865788348e-01
3.682819358978057345e+00 4.966760064171654165e-01
3.690015752164703233e+00 1.498631896455574264e+00
3.698378743976101557e+00 5.190278693819418976e-01
3.700577354806436237e+00 9.555554978441991310e-01
3.700725322318262123e+00 6.759012549624703325e-01
3.700977087030177248e+00 8.290087903690768201e-01
3.701886938450639875e+00 1.417581578816985211e+00
3.704240709849019542e+00 1.295202799270426031e+00
3.715412612352591903e+00 1.136682517497047629e+00
3.720546709929159590e+00 7.289976703248751688e-01
3.720821474924007166e+00 1.575061583617918259e+00
3.724587908076214759e+00 1.620659818601389857e+00
3.725197308034129851e+00 3.520383802897193992e-01
3.727500000000000036e+00 1.469999999999999973e+00
3.727500000000000036e+00 1.067499999999999893e+00
3.727500000000000036e+00 1.557500000000000107e+00
3.727500000000000036e+00 6.999999999999999556e-01
3.728094447106129472e+00 1.092842502670588134e+00
3.730128576474712521e+00 7.527422052746182146e-01
3.735419449875647224e+00 1.499150969317440740e+00
3.736592469624500534e+00 1.228369351229270601e+00
3.737833325067385637e+00 2.543204527445727670e-01
3.741356546511533043e+00 7.059289726824021782e-01
3.741989533963986592e+00 1.127486076871303977e+00
3.742466740034156469e+00 1.466594291649388149e+00
3.745903583587200547e+00 5.263955898103190867e-01
3.748218691952041048e+00 1.642717177162951403e+00
3.752634456595293155e+00 1.050261875624460828e+00
3.753046530599003727e+00 1.069584072485449289e+00
3.757900527587881179e+00 1.196215443265286948e+00
3.761325636307475850e+00 3.714076861182345479e-01
3.761964888344885072e+00 1.032539875263957185e+00
3.762500000000000178e+00 3.499999999999999778e-01
3.762930432128097191e+00 1.657533261036904015e+00
3.773369924901935235e+00 1.430997448999719701e+00
3.774051639763756683e+00 1.583220521845920992e+00
3.776031697256533093e+00 9.134841758132440370e-01
3.777457754114705857e+00 8.901870058882164205e-01
3.785255415764662956e+00 7.298678273277551254e-01
3.785379684007947887e+00 2.881642279753811597e-01
3.789874601488935735e+00 1.029497354709566492e+00
3.791715962127947481e+00 9.857483893115053242e-01
3.796312996236987480e+00 9.290146793313792672e-01
3.797499999999999876e+00 1.207500000000000018e+00
3.802368617857208033e+00 1.168995739966399716e+00
3.802736889915937724e+00 1.478294907894877275e+00
3.805962353027045442e+00 4.737683476075911781e-01
3.806067487965219875e+00 1.220254427398385078e+00
3.810905314227668317e+00 1.092354812357667848e+00
3.815797601888543777e+00 9.364834425914804195e-01
3.818387422022567979e+00 1.253044604871632606e+00
3.820422369380814143e+00 3.303440303539822431e-01
3.822232257911908349e+00 8.750362227708319285e-01
3.823547259442695356e+00 4.364504919598860555e-01
3.828977934301194708e+00 1.498747805143515910e+00
3.829677660529631211e+00 6.930174848578357638e-01
3.830573541915027747e+00 1.586610960217192723e+00
3.831757666020677355e+00 5.343346473143008035e-01
3.832500000000000018e+00 9.625000000000000222e-01
3.832500000000000018e+00 4.724999999999999756e-01
