1.071669643526787619e+00
1.177781049391803947e-01
4.500012500034722418e-01
6.761129892027478716e-01
7.872244089566915459e-01
9.055580709946417506e-02
8.861135725377015104e-01
2.195561654337928825e+00
1.566671018530607196e+00
3.383342731507587575e-01
2.216672824091178162e-01
5.838905108069745165e-01
4.861124614235040053e-01
7.222242284006344382e-02
1.928894246928463785e+00
2.562229339525943228e+00
7.277797993883317051e-02
4.255567376576046557e-01
1.586671074086317024e+00
9.600026666740741899e-01
4.577790493862483046e-01
8.333356481545782513e-03
5.327792577201603264e-01
3.222231172864369331e-01
2.066672407423354230e+00
1.513337537048714099e+00
1.475004097233603595e+00
7.111130864252401818e-02
2.816674490762474559e+00
7.166686574129373100e-02
3.944455401265004046e-02
4.055566821018947304e-02
6.472240200667224164e-01
1.377781604948902783e-01
8.611135030930641698e-02
8.277800771668811231e-02
5.666682407451131831e-02
6.833352314867541244e-02
3.516676435212320317e-01
1.777782716063100454e-02
2.584451623476732074e+00
2.604451679032441902e+00
8.066689074136317306e-01
1.666671296309156503e-01
6.400017777827160526e-01
1.133336481490226366e-01
4.444456790157750442e-02
9.894471929088692885e-01
8.888913580315500884e-02
4.577790493862483046e-01
3.400009444470679099e-01
1.050002916674768610e-01
2.722229783971622311e-02
9.444470679085220297e-03
2.888896913602537891e-02
2.537784827180075808e+00
1.722227006186128478e-02
1.641671226864519273e+00
5.722238117328104501e-01
8.055577932160923327e-02
4.888902469173525556e-02
1.678893552482090268e+00
6.777796604990569962e-02
1.911116419767832919e-01
4.222233950649863232e-02
3.888899691388031810e-03
6.666685185236626010e-02
1.666671296309156503e-01
9.944472067977967733e-02
2.888896913602537891e-02
1.167781021613949033e+00
2.222228395078875221e-02
8.894469151303198151e-01
3.777788271634088119e-02
2.666674074094650335e-02
9.838916219211720771e-01
3.871121864227400788e+00
5.888905246959019735e-02
1.024447290131361488e+00
9.333359259331276692e-02
3.457787382742730120e+00
4.609457248492357273e+00
3.444454012372256957e-02
3.000008333356481843e-02
7.222242284006344382e-02
4.007788910524751280e+00
1.398892774702152009e+00
7.555576543268176237e-02
2.016672268534079326e-01
6.666685185236626010e-01
1.063891844144011500e+00
1.107225297848049683e+00
1.111114197539437611e-02
2.278895219153386886e+00
3.944455401265004046e-02
3.816677268547968294e-01
1.422226172850480364e-01
1.378892719146442181e+00
9.722249228470079829e-02
4.303900844169011641e+00
4.711124197567215788e-01
1.655560154333762246e-01
4.277789660526835208e-02
1.000002777785493902e-01
1.011113919760888297e-01
1.238892330256473051e-01
1.944449845694016021e+00
1.781671615754488291e+00
7.555576543268176237e-02
6.600018333384259916e-01
1.855560709890860804e-01
8.888913580315500884e-02
1.033336203711677087e-01
2.644451790143861891e-01
1.188892191367198342e-01
4.292789702193617885e+00
4.888902469173525556e-02
1.116669768527134843e-01
1.040002888896913724e+00
3.444454012372256957e-02
5.572237700660279680e-01
8.444467901299726464e-02
2.101116947547076563e+00
1.144447623465620761e-01
7.777799382776064141e-02
1.377781604948902783e-01
9.722249228470079829e-02
2.883341342614840763e-01
1.866671851866255338e-01
1.083336342600951796e-01
3.677787993855538562e-01
1.440004000011111174e+00
4.516679212997813941e-01
6.700018611162809057e-01
9.227803410565029729e-01
2.699451942922063807e+00
3.355564876569101518e-01
4.722235339542610322e-01
1.787227186742185614e+00
2.110005861127392190e+00
9.722249228470079829e-02
2.500006944463734754e-02
3.111119753110425656e-01
4.733346481518004301e-01
2.176117155880988641e+00
3.958899885833016441e+00
3.355564876569101518e-01
9.277803549454304022e-02
1.008891691365809473e+00
3.450009583359954224e-01
1.736115933655371313e+00
3.316675879655221482e-01
3.286675796321656851e+00
2.481118003105564185e+00
2.061116836435656907e-01
1.383337175936599772e-01
2.944452623479509867e-01
6.400017777827160526e-01
6.516684768568802300e-01
1.438892885813571887e-01
3.244453456815157844e-01
4.416678935219264801e-01
5.277792438312328693e-02
2.266672962980452732e-01
2.405562237672882464e-01
1.277781327170353365e-01
3.751677087991911463e+00
2.166672685201903592e-01
5.788904969180470594e-01
3.426120628112856004e+00
8.333356481545782790e-01
5.555570987697188573e-02
4.511123642010116952e-01
1.638893441370670612e+00
2.438895663599065511e+00
2.708896413601149078e+00
8.277800771668811231e-02
9.944472067977967733e-02
1.283336898158050410e+00
3.066119628110078210e+00
2.366673240759002150e-01
4.030011194475540570e+00
1.989449970694363135e+00
3.888899691388031932e-01
5.972238811774477352e-01
2.316673101869727580e-01
1.704449179025497418e+00
3.072230756196545065e-01
1.751115975322153684e+00
6.911130308695302427e-01
2.255561821005058476e-01
1.679449109580860133e+00
4.250011805588349012e-01
6.588907191408865938e-01
4.194456095711377452e-01
1.085558570996030703e+00
9.716693657482382562e-01
9.900027500076389320e-01
7.238908996969436460e-01
8.866691296364712649e-01
1.407226131183697770e+00
3.122230895085819635e-01
6.872241311781421835e-01
1.113336425934516649e+00
4.005566682129672595e-01
4.816680046333462473e-01
4.138900385834405338e-01
7.600021111169753540e-01
1.083891899699721550e+00
3.537232047866799789e+00
8.266689629693416697e-01
1.121114225317292545e+00
2.760007666687963379e+00
3.177786604962791639e+00
6.688907469187415078e-01
2.627785077180770368e-01
3.397231658976830548e+00
6.944463734621485473e-01
1.172225478404106846e+00
2.966674907430298380e-01
8.050022361173225782e-01
8.000022222283951212e-01
8.077800216111712395e-01
9.138914274761874568e-01
9.527804243900678260e-01
2.366673240759002150e-01
4.568346023183398330e+00
1.254447929022025177e+00
1.227781188281078739e+00
6.977797160547668520e-01
1.163336564823791219e+00
5.116680879669111004e-01
7.844466234628429957e-01
4.272789646637907168e+00
3.928899802499451699e+00
1.364448234578429453e+00
4.151678199106108913e+00
9.722249228470079829e-02
8.205578348828747037e-01
1.552226533962594468e+00
1.633337870382973456e-01
6.627796188322745419e-01
5.200014444484568621e-01
1.092780813280036956e+00
3.311120308667524492e-01
6.700018611162809057e-01
1.031669532415367962e+00
1.594448873469093142e-01
7.344464845735683145e-01
3.355564876569101518e-01
2.950008194467206857e-01
7.722243672899091749e-01
6.577796049433470849e-01
4.350567640465667907e+00
1.035002875007986267e+00
3.444454012372256679e-01
5.627793410537251795e-01
1.407781688282467636e+00
4.155567098797496861e-01
1.033336203711677115e+00
5.777793827205075505e-01
1.025558404328900997e+00
3.333342592618313005e-01
6.822241172892147265e-01
9.727804799457776541e-01
3.200008888913580263e-01
2.277784104955847155e+00
9.638915663654621380e-01
9.850027361187114749e-01
2.555562654340706730e-02
6.527795910544196278e-01
2.262228506190294919e+00
1.000002777785493832e-02
4.045566793241092363e+00
2.328339800943891813e+00
5.894460817946717279e-01
2.161117114214206325e-01
5.161125447570688030e-01
2.332784257734049405e+00
4.211122808674468976e-01
6.027794521651449466e-01
1.952783202175561783e+00
2.412228922858119073e+00
9.366692685257459461e-01
1.076114100316945432e+00
7.494465262403506856e-01
6.950019305609183018e-01
2.872230200639446229e-01
3.450009583359954224e-01
7.366687129686472213e-01
3.436676212989480561e+00
2.201672782424395791e+00
6.005572237700660398e-01
1.896671935199820025e+00
1.370559362664896419e+00
7.894466373517704527e-01
1.135558709885305273e+00
1.783338287050797444e-01
8.166689351914866446e-01
6.588907191408865938e-01
1.951672087978022274e+00
8.588912746979853186e-01
8.438912330312029475e-01
3.694454706818630085e-01
1.744449290136917130e-01
2.333339814832819104e-01
6.238906219183942836e-01
3.550009861138503364e-01
1.054447373464926452e+00
8.477801327225908956e-01
1.002780563279342507e+00
8.811135586487740534e-01
4.477790216083933905e-01
9.277803549454304022e-02
4.005011125030903507e+00
5.166681018558385435e-02
4.244456234600652023e-01
3.483343009286137271e-01
5.672237978438828820e-01
6.677796327212019989e-01
3.666676851880144583e-01
1.361114891985811259e-01
1.033336203711677087e-01
2.038894552484868061e+00
2.677785216070044938e-01
2.505562515451432160e-01
1.077780771613254529e-01
5.966683240786779807e-01
3.233342314839763865e-01
1.894449706804741118e-01
2.392228867302409245e+00
2.038894552484868117e-01
5.038902885841349821e-01
2.172228256189600581e-01
2.683340787057741927e-01
3.561121003113897898e-01
8.233356203767233650e-01
1.626671185197736680e+00
1.894449706804741118e-01
4.452234589540526422e+00
1.072225200625557401e-01
2.250006250017361209e-01
1.922227561743227175e-01
4.522234783985511486e-01
7.722243672899091471e-02
1.116669768527134843e-01
1.523893121925338878e+00
8.444467901299726464e-02
1.833338425940072292e-01
5.927794243872900326e-01
3.222231172864369331e-01
1.460004055566821002e+00
4.450012361145447848e-01
3.477787438298439726e-01
3.147230964530457253e+00
5.055569598804441483e-02
4.660568501579171574e+00
3.280564668235189885e+00
3.216675601876672341e-01
1.494448595690543724e-01
1.942227617298937004e+00
1.366670462973508249e-01
1.037225103403065063e+00
4.688901913616426720e-01
1.403892788591079466e+00
1.531670921308114774e+00
2.205561682115783906e-01
1.205558904330289866e-01
3.888899691388032070e-02
3.457231825643960477e+00
1.800005000013888967e-01
2.243895121930894465e+00
2.533340370389917662e-01
9.888916358100995063e-02
5.177792160533779553e-01
8.805580015500044100e-01
9.944472067977967733e-02
4.600012777813272113e-01
5.894460817946717279e-01
4.278345217625604491e+00
1.100003055564043319e-01
9.922249784027178388e-01
3.266675740765946911e-01
2.111672532423701121e+00
4.944458179050497532e-02
7.727799243886789293e-01
1.760004888902469311e+00
1.951672087978022274e+00
1.956116544768180088e+00
1.172225478404106680e-01
2.733340925947016498e-01
3.967233242314562425e+00
2.283339675943544533e-01
4.372234367317687109e+00
7.833355092653035423e-02
6.055572376589934969e-01
1.075558543218175567e+00
2.064450179028275212e+00
2.471673532426478914e+00
3.833343981511060095e-02
1.588893302481395875e-01
1.288892469145747621e-01
2.190561640449001590e+00
1.897783049397359534e+00
3.333342592618313005e-02
1.600004444456790131e-01
3.666676851880144583e-01
3.745565959905444497e+00
4.166678240772891256e-02
3.055564043233453472e-02
8.888913580315500884e-02
4.173900483056897315e+00
2.250006250017361209e-01
1.975005486126350407e+00
3.174453262370173334e+00
7.111130864252401818e-02
8.777802160561558320e-02
2.444451234586762778e-02
3.888899691388031810e-03
2.655562932119255870e-01
5.555570987697188573e-02
1.611115586432184665e-01
2.972230478417995925e-01
1.627226742296506545e+00
1.450004027788966143e-01
4.666679629665638346e-02
1.216670046305684261e-01
2.272784091066919920e+00
2.355562098783607894e-01
8.227800632779536105e-01
3.222231172864369053e-02
3.531120919780332823e+00
2.027783410509473860e+00
8.888913580315502272e-03
8.277800771668811231e-02
4.294456373489926593e-01
5.233347870410751668e-01
1.783338287050797444e-01
1.522226450629029504e-01
1.544448734579818294e-01
1.802227228408967985e+00
1.194447762354895470e-01
1.228892302478618026e+00
1.172225478404106680e-01
5.527793132758702654e-01
5.388903858066272645e-02
1.816671712976980491e-01
1.994449984583290536e-01
4.811124475345764928e-01
8.777802160561558320e-02
2.032783424398401095e+00
3.478898552495979235e+00
1.545004291678587993e+00
3.966677685215792559e-01
4.888902469173525556e-02
1.088891913588648924e-01
9.666693518593107159e-02
1.061114058650163006e-01
5.555570987697188573e-02
5.222236728435357411e-02
6.077794660540724037e-01
4.155011541698726774e+00
4.176678268550745976e+00
4.066677962994341700e-01
1.983338842607896280e-01
4.638901774727152150e-01
5.327792577201603264e-01
2.344450956808213360e-01
4.844457901271948530e-01
3.877788549412637398e-01
2.450006805574460045e-01
4.055566821018947304e-02
6.555573765482682058e-02
1.446670685196347783e+00
2.816674490762474670e-01
2.226117294770263211e+00
9.722249228470079829e-02
1.038891774699374215e-01
2.550007083353009740e-01
1.175558820996725151e+00
1.377781604948902783e-01
1.211114475317987133e-01
8.833357870438529602e-02
2.200006111128086639e-01
1.719449220692279789e+00
1.713893649704582689e+00
2.850007916688657716e-01
3.222231172864369053e-02
3.281120225333959528e+00
2.216117266992408297e+00
1.155558765441015157e-01
1.383337175936599772e-01
7.000019444498457866e-02
2.105561404337234488e-01
6.772241034002872695e-01
1.277781327170353365e-01
6.944463734621485196e-02
8.777802160561558320e-02
2.782785507737521868e+00
2.055561265447959640e-01
8.722246450684585650e-02
6.722240895113597292e-02
1.392226089516915399e+00
4.138900385834405338e-01
3.882233006202795433e+00
7.500020833391204400e-01
2.894452484590235297e-01
2.883341342614840763e-01
1.234447873466315349e+00
4.772235478431884892e-01
2.022227839521776593e-01
1.350003750010416725e-01
6.388906635851766547e-01
8.088911358087106374e-01
7.733354814874485728e-01
1.383337175936599772e-01
5.022236172878258298e-01
8.883358009327804172e-01
1.777782716063100177e-01
1.082225228403412398e+00
1.032780646612907249e+00
8.544468179078276160e-01
7.111130864252400707e-01
4.600012777813272113e-01
1.255559043219564686e+00
1.166669907416409524e+00
9.522248672912980716e-01
4.861124614235040053e-01
1.672226867296853658e+00
2.110561418226161834e+00
9.133358703774178133e-01
7.516687546354295923e-01
4.177789382748285929e-01
1.068891858032938957e+00
1.065558515440320653e+00
7.472242978452718898e-01
1.608337800938336004e+00
9.000025000069444836e-01
4.494456929047025429e-01
5.277792438312328693e-01
7.050019583387732158e-01
5.127792021644504983e-01
1.511115308653635303e+00
1.903338620385056634e+00
1.858894052483479165e+00
1.021113947538743183e+00
1.745560404334456583e+00
9.233358981552727274e-01
3.377787160519890586e-01
1.257781271614643481e+00
1.536670935197042231e+00
1.699449165136569961e+00
2.588896080266889665e+00
1.523893121925338878e+00
2.083339120386445698e-01
9.305581404392790912e-01
5.866682963008230667e-01
1.976116600323889916e+00
1.488893024702846457e-01
7.277797993883317051e-01
7.555576543268176515e-01
1.135003152786535630e+00
2.300006388906636057e-01
8.227800632779536105e-01
8.222245061791838561e-02
5.750015972266590003e-01
1.677226881185781115e+00
1.477781882727452201e-01
1.501670837974550032e+00
1.116669768527134843e-01
4.233345092625257489e-01
3.466676296323045747e-01
8.888913580315501717e-01
8.888913580315500884e-02
1.609448915135875513e+00
1.666671296309156459e-03
1.695560265445181791e+00
8.600023888955247164e-01
1.119447554020983393e+00
8.705579737721493849e-01
1.191669976861046809e+00
5.583348842635674769e-01
6.166683796343879198e-01
4.377789938305384210e-01
4.483345787071630895e-01
2.258895163597676614e+00
3.466676296323045747e-01
2.366673240759002150e-01
1.200003333342592793e+00
1.202781118836441232e+00
5.777793827205075783e-02
1.594448873469093142e-01
8.838913441426227147e-01
1.216670046305684261e-01
7.788910524751457842e-01
8.450023472287423454e-01
3.738899274720207666e-01
4.988902746952075251e-01
4.944458179050497670e-01
4.988902746952075251e-01
8.438912330312029475e-01
3.888899691388031810e-03
2.444451234586762778e-02
2.888896913602537891e-02
1.055558487662465808e-02
6.561129336470379325e-01
5.094458595718321936e-01
8.500023611176697746e-02
2.312228645079569933e+00
1.722227006186128340e-01
1.577782160506001619e-01
6.161128225356181654e-01
9.555582098839164595e-02
5.405570571029364446e-01
5.555570987697188053e-03
7.166686574129373100e-02
5.672237978438828820e-01
1.811116141989283501e-01
3.405009458359606889e+00
7.677799104997514723e-01
1.066669629637860134e-01
2.277784104955847266e-01
2.410006694463040500e+00
1.466115183653287968e+00
7.777799382776064141e-02
6.983352731535366065e-01
1.242225672849091245e+00
1.572226589518304352e-01
1.394448317911994306e-01
8.627801743893733777e-01
2.997230547862633099e+00
5.633348981524949339e-01
1.700004722235339549e-01
1.400003888899691573e-01
3.022230617307270495e-01
8.833357870438529602e-02
2.394451095697488208e-01
2.794452206811685602e-01
1.200003333342592737e-01
4.255567376576046557e-01
1.400003888899691573e-01
1.416670601862783097e-01
1.516670879641332514e-01
1.650004583346064979e-01
1.483337453715149190e-01
1.433337314825874620e-01
9.222247839577332740e-02
1.388892746924297039e-01
2.854452373478815197e+00
1.283336898158050632e-01
1.333337037047325202e-01
1.007225020069500321e+00
9.838916219211720771e-01
2.773341037058436598e+00
5.177792160533779553e-01
5.555570987697188573e-02
3.483343009286137271e-01
5.422237283992455970e-01
5.005569459915166775e-01
1.677782438284550759e-01
3.944455401265003491e-01
1.288892469145747621e-01
1.283892455256820275e+00
1.438892885813571887e-01
2.033338981497170850e-01
3.544454290150806042e+00
1.616671157419881932e-01
1.277781327170353365e-01
9.955583209953361434e-01
5.722238117328103807e-02
1.894449706804741118e-01
9.000025000069444836e-01
2.622229506193072823e-01
4.830013416703935469e+00
1.161114336428712424e+00
1.053336259267386943e+00
2.811118919774777125e-01
1.127780910502529155e+00
3.161119891999700227e-01
8.855580154389318670e-01
1.044447345687071482e-01
2.666674074094650404e-01
9.111136419823388788e-02
4.750013194481095824e-01
4.388901080280778744e-01
2.106116961436004242e+00
7.016686157461549112e-01
1.400003888899691573e-01
8.777802160561558320e-02
1.933338703718621432e-01
2.527784799402220672e-01
3.000008333356481843e-02
9.361137114269761916e-01
3.627787854966263992e-01
2.094450262361839954e-01
4.994458317939772241e-01
6.183350509306970721e-01
4.922235895099709158e-01
7.766688240800669885e-01
7.188908858080161890e-01
4.627790632751758171e-01
4.950013750038194660e-01
6.261128503134730794e-01
4.877791327198131577e-01
4.900013611148920090e-01
7.344464845735683145e-01
2.338339828721746727e+00
1.411115030875085830e-01
1.977783271620199013e-01
5.822238395106653641e-01
1.313336981491615374e+00
1.544448734579818294e-01
7.416687268575746783e-01
1.755560432112311664e-01
9.594471095753044354e-01
7.222242284006344382e-02
3.677787993855538562e-01
1.805560571001586234e-01
3.700010277806327630e-01
2.344450956808213360e-01
7.255575709932527984e-01
2.835563432120645100e+00
1.213892260811835655e+00
6.655574043261232031e-01
5.766682685229681526e-01
3.744454845707905211e-01
1.838893996927769281e-01
5.644460123500343318e-01
3.061119614221150531e-01
4.727790910530307311e-01
1.720004777791049433e+00
6.655574043261232031e-01
1.006669462970730455e+00
3.038897330270362018e-01
8.644468456856825300e-01
2.594451651254586766e-01
7.983355509320859689e-01
2.227783966066572419e-01
1.547226520073667011e+00
3.110008638912886259e+00
2.835563432120645100e+00
3.543898733052036398e+00
3.750010416695602200e-01
3.203342231506198790e+00
5.888905246959019735e-02
3.216675601876672341e-01
2.733896483045786585e+00
3.200008888913580263e-01
2.361117669771305161e-01
5.222236728435356579e-01
1.583337731493698608e-01
3.366676018544496052e-01
4.083344675957433223e-01
5.983349953749872441e-01
3.440009555582098866e+00
3.488898580273834260e-01
6.855574598818330312e-01
6.583351620421168393e-01
5.005569459915166775e-01
5.555570987697188573e-02
1.200558890441362436e+00
2.900008055577932287e-01
6.527795910544196278e-01
1.388892746924297143e-02
3.555565432126200909e-02
3.144453179036608703e-01
1.866671851866255338e-01
3.477787438298439726e-01
3.000008333356481982e-01
1.608337800938336004e+00
7.222242284006344729e-03
2.533340370389917662e-01
2.050005694460262651e-01
1.261114614207261841e-01
7.794466095739155387e-01
7.611132253145147519e-02
1.755560432112311664e-01
1.266670185194958831e-01
6.000016666712963964e-01
1.436670657418492869e+00
2.611118364217678706e-02
2.111116975324931477e+00
2.116672546312628744e-01
5.333348148189300669e-02
2.172228256189600581e-01
3.216675601876672341e-01
2.555562654340706730e-02
6.872241311781421835e-01
9.444470679085220644e-02
2.061116836435656907e-01
4.711124197567215788e-01
2.652229589526637898e+00
1.955005430570640579e+00
3.605565571015475479e-01
5.161125447570688030e-01
1.048891802477229129e+00
2.700007500020833451e-01
4.650012916702546684e-01
9.833360648224023781e-02
3.019452831813421945e+00
1.461115169764360677e-01
5.827793966094350075e-01
4.205567237686771431e-01
2.780007722243673207e+00
2.150005972238811791e-01
5.938905385848294305e-01
2.994452762368784438e-01
2.488895802488340359e-01
2.705563071008530995e-01
1.910005305570293466e+00
4.833346759296553996e-01
2.505562515451432160e-01
2.342784285511904319e+00
3.913899760832669106e+00
2.731118697551937924e+00
1.066669629637860134e-01
1.661115725321459236e-01
3.944455401265003491e-01
2.750007638910108021e-01
4.280567446020683953e+00
4.344456512379201163e-01
4.627790632751758171e-01
2.488895802488340359e-01
2.690563029341748180e+00
1.205558904330289866e-01
1.466670740752057667e-01
1.672226867296853769e-01
4.111122530895919280e-01
1.538893163592121305e-01
1.577782160506001619e-01
2.644451790143861891e-01
3.710010305584182433e+00
1.577782160506001619e-01
3.672232422867841573e-01
2.276117433659538225e+00
3.461120725335348203e-01
4.378345495404154519e+00
6.294461929060914951e-01
2.288895246931241523e-01
5.083347453742926847e-01
6.500018055605710776e-02
2.322228672857424847e-01
4.011122253117370140e-01
2.605562793229981300e-01
3.060008500023611244e+00
4.594457206825574569e-01
2.377784382734396684e-01
2.446673462981841851e+00
1.383337175936599772e-01
2.977786049405692914e-01
2.900008055577932287e-01
2.918896996936102717e+00
1.873338537051491892e+00
7.188908858080161890e-01
9.222247839577332740e-02
2.696674157428215146e+00
4.922235895099709158e-01
6.277795216097822872e-02
3.744454845707905211e-01
1.887227464520734976e+00
2.255561821005058476e-01
9.211136697601938206e-01
5.222236728435356579e-01
5.566682129672583246e-01
4.005566682129672595e-01
8.338912052533479224e-01
2.161672671312976135e+00
2.238895108041966953e-01
3.611121142003172468e-01
3.438898441384559690e-01
7.594465540182055996e-01
1.533337592604424038e-01
1.005558348773191030e-01
1.383337175936599772e-01
3.133342037061214169e-01
5.350014861152392331e-01
3.471120753113203339e+00
1.422226172850480364e-01
9.155580987724966091e-01
4.066677962994341700e-01
5.872238533995928211e-01
1.655560154333762246e-01
1.577782160506001619e-01
1.405559459887388563e-01
3.138897608048911714e-01
1.422226172850480364e-01
7.172242145117070367e-01
5.877794104983625756e-01
1.794449429026191978e-01
3.544454290150806042e+00
2.277784104955847266e-01
1.283336898158050632e-01
4.044455679043553187e-01
1.627782299395276189e-01
1.738893719149219863e-01
1.111114197539437715e-01
8.827802299450832058e-01
2.055561265447959640e-01
5.883349675971322190e-01
1.022225061736282692e-01
4.083344675957433223e-01
7.355575987711077124e-01
1.427781743838177353e-01
2.622229506193072823e-01
4.755568765468793369e-01
2.727785354959319508e-01
2.566673796316101264e-01
2.813341148169856254e+00
6.333350925974794154e-02
5.138903163619898962e-01
2.937785938294273258e+00
2.188894969152692105e-01
4.527790354973208475e-01
2.066672407423354174e-01
2.272228533968149999e-01
7.166686574129373100e-02
2.238895108041966953e-01
3.725565904349734669e+00
2.542784841069003043e+00
1.985561071002975186e+00
4.638901774727152150e-01
2.500006944463734615e-01
6.294461929060914951e-01
3.238897885827460854e-01
5.083347453742926847e-01
1.951116530879252631e+00
5.055569598804441483e-02
2.844452345700960727e-01
7.433353981538838307e-01
3.683343564843236106e-01
8.705579737721493849e-01
3.661121280892447039e-01
1.788893858038494711e-01
1.200003333342592737e-01
1.194447762354895470e+00
1.028336189822749658e+00
2.583340509279192787e-01
5.222236728435357411e-02
5.900016388934413714e-01
4.422234506206961790e-01
5.605571126586462727e-01
1.516670879641332514e-01
4.261122947563743546e-01
3.583343287064686411e-01
9.444470679085220644e-01
1.688893580259945293e-01
3.422231728421468167e-01
3.677787993855538562e-01
3.705565848794024619e-01
1.260003500009722277e+00
1.661115725321459236e-01
6.266684074122428338e-01
1.875560765446570688e+00
1.617782271617421275e+00
2.838896774713263182e-01
1.955560987669410222e-01
8.655579598832219279e-01
5.722238117328104501e-01
1.405559459887388563e-01
1.072225200625557401e-01
2.411117808660579731e-01
1.438892885813571887e-01
1.105558626551740531e+00
3.077786327184242610e-01
3.294453595704432969e-01
6.461129058691830185e-01
1.838893996927769281e-01
3.331120364223234098e+00
2.627785077180770368e-01
2.588896080266889665e+00
1.788893858038494711e-01
2.661118503106953415e-01
1.376670490751363385e+00
8.477801327225908956e-01
5.655571265475737297e-01
2.838896774713263182e-01
1.596671101864171938e+00
1.019447276242434031e+00
2.262784063289065006e+00
1.027780632723979820e-01
4.133344814846708348e-01
2.994452762368784438e-01
3.816677268547968294e-01
3.438898441384559690e-01
4.294456373489926593e-01
1.694449151247642560e-01
1.141114280873002595e+00
2.850563473787427249e+00
1.844449567915466548e-01
2.983341620393389904e-01
6.333350925974794432e-01
7.705576959936000225e-01
3.522232006200017307e-01
7.083353009313915205e-01
7.966688796357768165e-01
1.877782993841649595e-01
2.296117489215248053e+00
5.883349675971322190e-01
3.805566126572574315e-01
7.788910524751457842e-01
