2.193421341239650268e-01
1.981579208102527412e-01
6.897369328601227201e-01
2.208289764248653420e+00
3.361842547610861542e-01
7.297369381232813312e-01
5.810527080332510419e-01
1.124473832167609544e+00
3.272895167486206347e+00
6.960527231648319657e-02
2.465789798130236798e-01
2.843421426765977422e-01
2.184868708535356419e+00
3.323684647853243357e-01
2.527895069459877408e+00
1.094210670290877596e+00
4.147368966759074627e-01
2.428947688019432505e+00
6.631579819944713461e-02
7.265790429709266807e-01
5.855263928324200978e-02
8.692106406856106027e-01
3.821053134349096658e-01
1.868421298476486692e-01
1.303552803099053081e+00
2.302500302960566181e+00
7.778948391966893361e-01
1.007105395671762604e+00
1.497894933933543893e+00
8.644737979570786823e-01
6.236842925900384915e-02
1.575789681024958089e+00
2.540789807998659056e-01
5.247369111495935323e-01
1.472368614785344032e-01
8.092106327908728247e-02
2.075000273026351705e-01
5.464474403220316301e-01
6.600000868421167510e-01
6.253948191308972282e-01
6.032895530644148963e-01
5.203948053151059572e-01
5.959211310422540819e-01
1.057894876038799475e-01
5.735527070464088162e-01
6.260527139543045072e-01
1.199868578930076257e+00
1.669737061807508305e-01
4.634211136080412352e+00
3.815789975761838936e-03
2.192105551592835877e-01
3.543553097835934196e+00
2.472631904293671745e+00
5.302632276662141431e-01
7.778948391966893361e-01
1.179736997333815429e+00
7.868422087950274757e-02
2.103947645256269150e-01
1.980263418455713020e-01
7.763158916205120663e-01
2.725395095446723204e+00
1.568026522108753040e+00
2.459210849896164564e-01
5.776316549515335685e-01
2.935526702042987157e+00
2.232105556855994433e+00
1.841447610716790972e+00
9.644738111149751825e-02
2.895526696779828768e+00
4.128026858950902600e+00
3.282895168801995833e-01
5.576184944234861440e+00
6.785527208622000872e-01
4.128947911703672591e-01
1.055921191568577777e+00
1.342763334574123002e+00
4.518421647160743015e-01
5.038158557652442360e-01
7.756579967971048983e-01
1.727631806267342918e-01
9.431580188365814577e-01
6.486842958795126235e-02
6.618421923476569546e-01
2.095789749446019812e+00
2.563158231994504543e-01
2.726579306128856128e+00
9.278948589335340724e-01
2.546052966585916622e-01
1.074736983518024269e+00
1.774210759764573764e+00
6.615790344182940208e-01
8.989474867036166827e-01
6.011842896295117589e-01
3.698553118230673675e+00
2.555263494113617639e-01
3.180263576350470522e-01
1.563289679380221120e+00
7.421053608033369997e-01
1.214605422974397886e+00
1.018421186634366649e+00
3.761842600242447432e+00
6.200000815789581399e-01
4.081579484418353387e-01
1.347237019373292100e+00
3.225000424342160943e-01
5.936842886426695332e-01
2.565131916464725936e+00
1.152631730609438299e-01
1.660789692209170054e+00
2.444737163781205869e+00
1.632894951696704233e-01
1.771316022541582047e+00
4.076579483760458089e+00
4.998684868248008950e-01
3.765789969182890551e-01
1.915131830938398894e+00
4.972369075311720565e-01
6.330263990824209763e-01
6.986843024584609152e-01
6.651316664646930166e-01
4.527632174688444033e-01
2.539474018351844387e-01
6.682895616170475561e-01
1.706316013988949276e+00
1.398158078705010299e+00
9.161843310768856830e-01
1.109210672264562131e-01
1.873026562240337256e+00
3.238158320810305413e-01
1.300658065876061364e+00
4.328947938019465647e-01
4.955263809903133199e-01
4.171053180401734228e-01
3.390789919840779265e-01
4.723684832063793415e+00
2.664737192728578119e+00
7.986843156163573321e-01
2.628158240547136870e+00
5.015790133656596872e-01
7.935527359937810665e-01
9.176316996883815413e-01
7.073685141274360655e-01
1.737763386547814148e+00
2.257895033933557116e-01
4.365790048130269718e-01
1.455658086270800844e+00
2.476316115304752208e-01
6.626316661357455340e-01
8.600001131579096958e-01
5.025000661184297890e-01
2.082500274013193931e+00
1.215658054691849399e+00
7.565790469182956390e-02
2.293421354397546796e-01
4.691053248822796284e+00
1.033289609643369689e+00
4.051316322541621551e-01
3.689079432773609835e+00
1.450263348718861645e+00
2.859737218386475988e+00
2.971842496295065583e+00
5.925000779605365864e+00
1.504342303202934605e+00
8.677632720741147443e-01
2.081184484366379372e+00
1.410526501385066078e+00
1.901316039646847367e+00
7.018421976108154547e-01
7.750001019736976748e-02
2.859210902527750675e-01
9.155264362534785150e-01
7.751316809383791417e-01
1.612237054241717704e+00
1.678684431405846222e+00
4.936842754847731163e-01
3.927632095741065421e-01
1.083026458292954963e+00
8.457895849723138237e-01
2.359342415702949669e+00
3.922895253012533612e+00
6.860527218490423129e-01
2.096579223234108280e+00
7.315790436288215348e-01
8.551316914646962530e-01
2.289342406492421933e+00
4.151316335699517523e+00
7.347369387811761854e-01
1.568684416932160097e+00
4.529079543299940447e+00
6.076316588989024714e-01
9.434211767659443637e-02
3.418421502423881764e-01
2.176316075831062624e-01
2.374079259747271298e+00
7.039474610457185921e-02
2.131579227839372204e-01
2.750658256665559964e+00
1.291579117313041758e+00
6.465790324446095694e-01
6.411842948926703700e-01
1.465658087586590552e+00
6.019737634176004493e-01
6.545921913937093883e+00
1.926316042936321582e-01
1.625658108639224775e+00
1.005526448095585224e+00
5.869737614439159978e-01
1.875000246710558871e+00
1.801710763382995184e+00
7.793422078081852611e+00
9.338159123441990284e-01
1.681842326558200984e+00
1.486842300900302893e-01
6.888158801073526183e-01
6.805264053324218132e-01
1.649210743317203187e+00
1.972368680574826394e-01
1.033815925502095556e+00
4.445526900727223563e+00
1.100921197489631354e+00
2.046052900796434315e+00
7.517106252250822518e-01
1.428289661617060835e+00
4.580263760561021358e-01
1.979342365702942974e+00
1.359605442053347657e+00
3.598684684037458670e-01
2.672368772680101534e-01
1.994868683535353071e+00
2.194473972957101893e+00
3.361842547610861542e-01
1.045000137500018189e+00
3.013947764993126999e+00
1.244737005886448200e-01
7.338158860284060836e-01
3.010526711911409414e+00
3.181184629103240624e+00
5.272369114785410149e-01
4.982895392486236252e-01
2.586842445637164145e-01
2.389079261720955749e+00
7.368422022160792118e-02
6.306579777181550162e-01
3.104474092693959797e+00
2.746974045654479557e+00
3.235921478410721086e+00
1.914473936114991781e-01
9.400001236842268071e-01
5.649079690668380671e+00
2.341842413400317735e+00
1.581579155470941578e-01
4.974342759781942291e+00
4.259211086738300955e-01
9.738159176073576395e-01
2.396052946849072107e-01
9.409211764369969089e-01
3.454079401852553133e+00
9.214474896641433599e-01
4.126316332410043808e-01
5.586842840374057761e-01
1.684342326887148245e+00
5.338158597126131388e-01
2.010921317226489258e+00
2.730263517139936535e+00
2.871579325207806122e+00
1.140789623788108359e-01
9.289474906509856411e-02
1.664473903220250461e-01
3.603947842624716236e-01
2.859210902527750675e-01
2.411579264681482204e+00
2.431052951454335975e+00
1.686579169286732904e+00
1.428947556440467892e+00
3.214474107167645811e-01
3.164474100588697270e-01
2.096052907375382524e-01
8.157895810249449209e-02
5.740790229051345728e-01
2.339473992036051608e-01
1.215789633656530810e+00
8.951316967278548642e-01
5.447369137811728379e-01
4.472369009522238481e-01
5.907895514196778164e-01
7.289474643351926408e-01
2.863289850432875205e+00
7.159211468317299154e-01
6.241316610699554346e+00
5.061579613365738695e+00
1.174605417711239275e+00
3.249868848666953802e+00
1.698684434037425472e-01
8.790790630367188996e-01
1.781579181786734356e-01
2.565789811288133326e-01
6.489474538088755295e-01
8.265790561288232086e-01
5.760527073753562988e-01
7.355264125692648203e-02
6.035527109937778301e-01
1.897368670706404137e-01
1.495658091533959455e+00
2.495921381042287113e+00
6.444737690097064320e-01
1.079473826246556190e+00
6.077632378635839938e-01
9.080264352666362893e-01
4.043421584660735202e-01
6.368421890581827949e-01
1.373684391274262007e+00
4.488158485284011179e-01
3.603947842624716236e-01
2.806053000796447705e+00
1.532105464750719070e+00
3.583816261028455408e+00
1.043421189923840753e-01
8.282895826696820007e-01
8.572369548995993904e-01
1.739473913088672719e-01
1.401052815928002238e+00
1.209473843351821509e+00
5.544737571675996124e-01
1.048684348511098458e-01
1.828158135283965313e+00
1.945921308673856487e+00
1.565263363850442735e+00
4.386842682479300315e+00
1.619473897299197107e+00
2.015395002025658133e+00
3.844737347991756260e-01
6.481579800207868391e-01
1.839210768317206313e+00
9.902632881925379493e-01
1.009605396000710087e+00
3.367105706198119108e-01
1.600000210526343614e-01
2.425263477008352098e+00
5.369211232790951804e+00
3.042105663434955809e-01
1.098684355090046721e-01
2.669868772351154274e+00
2.984342497939802552e+00
2.732895096433565207e-01
2.355263467797824931e-02
1.226842266689772032e+00
2.772368785837998395e+00
8.393422157029231112e-01
2.932500385855314029e+00
4.521711121277779633e+00
3.457895191828314618e-01
1.886973932496570194e+00
3.132631991135788496e+00
1.997631841793663376e+00
1.501315987015261477e-01
1.027631714162067639e-01
2.040921321173858161e+00
5.809211290685696305e-01
6.271053456717560204e-01
3.389605709158646007e+00
2.426316108725803944e-01
3.678947852493138493e-01
1.288158064231324174e+00
1.600000210526343614e-01
6.427632424688477508e-01
2.230263451350454063e-01
4.708947988019472675e+00
3.936842623268766439e-01
3.702632066135798095e-01
2.210658185612919269e+00
7.747369440443347965e-01
2.042105531855991085e+00
1.111579093628828119e+00
6.607895606302053304e-01
1.589473893351828204e-01
3.763158389889261768e-01
3.503947829466819708e-01
6.877237747004967261e+00
2.076842378531892130e+00
2.795921420515976585e+00
1.134210675554036263e-01
4.207895290512538300e-01
8.519737963123416025e-01
1.210000159210547377e+00
6.773685101800671626e-01
2.880395115841462683e+00
1.504079145273571783e+00
1.571052838296426168e-01
5.532895464854666878e-01
5.106579619286791827e-01
1.523684411011106687e-01
5.727632332583201258e-01
8.657895876038931848e-02
4.398684789300630449e+00
1.645921269200167014e+00
3.706579435076241547e-01
2.314473988746577615e-01
1.213158054362901972e-01
1.755394967815127494e+00
4.013421580713366410e+00
1.995658157323441761e+00
6.079474484141379698e+00
4.240790031682898920e-01
1.716579173234101807e+00
3.083553037309610279e+00
4.238158452389270137e-01
1.053552770204311928e+00
3.233158320152410781e+00
1.384868603272184640e+00
5.447369137811728379e-01
2.327631885214721807e-01
7.690790485630327744e-01
2.933026701714039675e+00
1.501710723909305711e+00
7.860527350069388408e-01
1.707894961565126490e-01
1.872500246381611388e+00
8.796053788954446562e-01
4.455526902043013493e+00
2.288158195810288953e-01
3.210526738227202359e-01
4.598684815616423394e-01
5.301316487015327317e-01
1.186973840391294832e+00
8.818422212950290939e-01
1.115131725675227115e+00
4.893421696502854856e-01
2.047368690443248929e-01
1.118421199792263065e+00
9.369738074965536789e-01
3.384210971606707030e-01
3.061579350207809469e+00
1.884210774238259944e-01
3.906711040356715792e+00
2.830263530297832952e-01
8.567106390408736338e-01
9.447369664127587552e-02
4.659211139369887067e-01
1.192105420013871153e-01
8.881580115997383951e-01
4.388158472126114651e-01
9.060527507964145633e-01
1.359473863088666246e+00
4.035526846779848298e-01
9.911843409453080511e-01
9.426317029778557011e-01
1.967105521987568828e-01
9.135527517832567890e-01
3.052105664750745628e+00
1.188815945896835036e+00
1.587763366810969412e+00
1.186447524532568965e+00
5.334211228185687936e-01
6.713158778047207953e-01
1.002105395013867861e+00
2.617895081301984561e+00
4.772632206925290888e+00
6.092106064750798383e-02
5.068421719529173641e-01
2.287763458916244552e+00
6.464474534799281580e-01
3.405263605955737849e-01
5.389474393351894044e-01
5.556579678497326480e-01
7.521053621191265970e-01
3.667632061530534671e+00
7.544737834833925572e-01
3.968421574792312390e-01
1.699737065754877152e+00
1.066447508743093353e+00
2.543421387292287839e-01
3.960526836911426041e-01
4.152632125346332193e-01
2.805263527008358682e-01
2.337631886530511238e+00
6.677632457583217995e-01
9.763159179363050111e-01
3.006579342970966406e-01
8.927632753635889040e-01
5.085526984937761563e-01
1.697368644390611081e-01
1.760526547437703648e+00
6.246053453428086488e-01
2.089473959141310289e+00
2.344737150623309452e-01
6.903948276835299991e-01
1.038158031336583020e+00
3.506842566689811314e+00
1.398026499740328887e+00
8.105264224376871329e-01
4.355263730955754031e-01
3.428947819598397451e-01
3.223684634695346829e-01
9.293422275450299308e-01
5.531579675207851654e-01
1.377894918144068281e+00
6.172369233206478345e-01
2.974342496624012622e+00
1.680263378982023714e-01
1.300789644840742776e+00
1.730921280384378980e+00
5.043421716239699926e-01
9.234211741343650859e-01
8.085527379674655180e+00
7.480264142140018446e-01
3.582763629311004117e+00
1.906579198234105155e-01
3.940789992209209336e-01
1.052236980557497370e+00
5.768421811634448781e-01
5.532895464854666878e-01
3.076316194252131098e+00
1.335131754622599365e+00
3.134737254570691523e+00
1.165921206042263902e+00
1.185131734885754629e+00
9.171053838296558403e-02
6.818421949792361492e-01
9.606580211392132806e-01
2.893816170238969754e+00
5.589737577597049700e+00
5.089474353878205015e-01
1.331973859470244603e+00
7.851316822541687390e-01
6.041579742313124335e+00
5.192105946329730326e-01
1.678026536582439165e+00
6.443421900450250206e-01
6.698685091932249369e-01
5.526316516620594262e-03
1.110131725017332371e+00
7.459211507790988183e-01
5.132895412223080767e-01
6.951316704120619194e-01
9.823685503116513784e-01
2.991974077891326189e+00
7.392106235803452829e-01
3.100000407894790699e-01
8.302632671399036435e-02
3.672368904259066258e-01
5.213158580678760590e-01
5.496053354743862807e-01
3.448947822229976534e+00
1.118421199792263114e-02
1.128026464214008540e+00
6.078948168282654052e-01
3.670132061859481709e+00
4.268421614266001973e-01
6.621053502770197774e-01
5.884211300554118562e-01
3.811842606821395640e-01
5.007895395775709968e-01
5.336842807479317274e-01
4.715790094182907288e-01
6.067106061461323696e-01
7.032895662223113131e-01
2.543684545221650772e+00
2.188816077475799649e+00
2.311710830488267199e+00
6.573685075484878571e-01
1.566447574532575659e+00
3.022368818732739659e-01
7.630264161876864071e-01
7.728948385387945930e-01
5.064079613694685733e+00
7.722369437153873140e-01
7.184211471606773147e-02
1.698421276108062594e+00
1.688158116862910063e-01
3.294737275623325634e-01
2.389342419650318572e+00
7.821053660664956109e-01
1.514473883483405670e-01
1.065789613919686074e+00
8.526316911357488815e-01
5.802632342451623931e-02
3.347105703566540136e+00
1.299473855193928440e+00
3.148684624826924572e-01
1.822368660837981602e-01
8.746053782375498020e-01
3.459474139404492110e+00
8.284211616343634121e-01
1.016973818022870901e+00
9.859211823580503742e-01
3.298684644563769086e-01
3.886842616689817898e-01
1.005526448095585224e+00
3.409079395931499334e+00
4.617500607565869331e+00
2.725000358552678859e-01
1.095394880973010743e+00
3.022368818732739659e-01
2.656579296918328836e-01
3.810526817174581526e-01
2.605263500692565959e+00
1.468684403774263680e+00
1.521184410682159260e+00
5.543421782029182010e-01
1.038684347195308888e+00
9.097369618074949704e-01
5.203684895221696749e+00
4.349737414439133865e+00
2.726184569234811672e+00
1.518552831388530588e+00
5.093421722818647357e-01
4.565790074446062774e-01
8.402632684556932130e-01
2.009210790685630466e-01
6.653948243940558394e-01
2.641052979085918295e+00
4.710526935595649722e-01
5.168421732687070724e-01
9.561843363400442941e-01
9.528948622230082321e-01
1.545000203289500496e+00
9.917106568040338077e-01
6.056579744286808564e-01
8.356580046918427040e-01
4.560526915858804653e-01
6.611842975242496756e-01
4.077632115477909935e-01
7.050000927631701053e-01
3.538026781319313585e+00
1.223684371537417381e-01
1.063158034626057180e-01
7.825001029605398450e-01
6.001316579120602457e-01
7.073685141274360655e-01
3.894737354570704801e-01
7.664474692694038804e-01
2.985000392763209831e+00
2.417105581198102926e-01
3.210526738227202359e-01
1.850263401350447534e+00
3.735263649376796113e+00
2.742105623961266225e-01
5.643421795187077983e-01
3.760658389560314507e+00
4.298684776142733810e-01
3.692105748961282963e-01
4.067105798303394804e-01
5.818421818213397323e-01
3.785658392849788445e+00
5.948684993248025688e-01
2.795526683621932129e+00
4.834211162396205852e-01
5.205263842797873686e-01
9.342106492382433736e-01
3.589474156509757652e-01
3.605263632271530905e-01
3.186842524584542757e-01
7.317106225935029462e-01
4.220790029051319614e+00
8.571053759349178680e-01
2.539474018351844387e-01
2.427631898372618335e-01
2.817105633829688482e-01
1.696052854743796690e-01
1.266447535058886187e+00
5.300132276333194170e+00
4.159211073580404427e-01
9.735527596779947057e-01
2.141184492261117622e+00
8.059211586738367350e-01
7.367106232513978004e-01
7.328948332756359818e-01
1.018289607669685237e+00
1.027105398303341799e+00
1.417105449619138202e+00
1.693421275450167907e-01
3.411842554189810084e-01
4.409605843369189593e+00
2.603289816222344122e+00
2.319737147333835181e-01
9.071053825138661875e-01
7.714474699272987346e-01
3.934211043975137656e-01
3.963158416205054824e-01
6.031579740997334849e-01
5.019737502597040324e-01
2.013158159626073779e-02
5.012895396433604489e+00
8.482895853012611953e-01
6.475000851973796712e-01
4.600000605263237508e-01
4.385526892832485757e+00
1.030789609314422206e+00
4.827632214162133617e-01
6.755264046745269590e-01
1.065789613919686067e-02
2.617105607513895982e-01
1.178815944581045327e+00
1.668289693196012280e+00
1.082631721398910729e+00
4.435526899411434409e-01
5.727632332583201258e-01
1.354342283466089869e+00
2.302631881925247537e-02
5.298684907721697979e-01
5.314474383483471343e+00
3.158421468213351346e+00
2.196052920533279051e-01
2.944737229570688064e-01
2.359210836738268036e-01
5.864474455851902412e-01
3.263421482029142506e+00
1.509210724896148104e-01
2.127631858898928752e-01
2.851316164646863771e-01
3.136974096970276182e+00
3.489474143351861124e-01
5.699869171035417459e+00
1.719473910457093524e+00
2.876316167936338042e-01
9.759211810422606659e-01
2.414474001904473865e-01
2.159210810422474980e-01
2.243421347818598532e-01
2.581579287049906024e-01
4.697369039127505252e-01
1.688816011686317342e+00
3.814474186115024423e-01
1.229473845983400926e+00
4.313158462257692394e-01
5.765790232340820554e-01
5.633684951800651319e+00
2.297631881267352849e+00
1.769737074965404555e-01
1.405263342797808401e-01
1.098684355090046721e-01
1.884210774238259944e-01
1.126710674567193982e+00
2.771052996191183948e-01
9.901317092278565379e-01
1.671052851454322696e-01
3.773684707063777455e-01
5.707895487880985108e-01
3.681579431786767276e-01
4.225395292815170123e+00
3.897368933864333584e-01
2.742105623961266225e-01
5.949342888071432967e+00
4.055921586305472282e+00
2.998684605090079502e-01
3.735526807306158714e-01
3.846053137638570929e-01
1.221315950173151421e+00
4.352632151662125248e-01
3.087763564179416331e+00
3.423684661011139885e-01
2.019737107860145819e+00
1.371052811980633113e-01
2.563158231994504543e-01
1.830263398718868229e-01
6.310658725086674359e+00
9.965790784972472505e-01
2.324868726956411447e+00
6.851316690962723222e-01
1.827631819425239446e-01
9.631580214681607910e-02
4.527632174688444033e-01
1.242105426592819278e-01
2.267500298355302313e+00
2.663158245152400516e-01
5.443421768871286037e-01
1.625000213815817607e-01
1.393421235976478323e-01
1.398684394563736166e-01
3.246184637655873395e+00
2.227631872056825280e-01
1.884737090096985535e+00
3.812763659574165853e+00
1.401315973857364949e-01
4.935526965200916494e-01
2.582895076696720693e-01
1.302894908275645802e+00
4.273684772853259539e-01
1.784210761080363417e-01
2.903684592590078051e+00
1.496052828428003911e-01
3.871053140928045200e-01
2.798947736703649714e+00
7.626316792936420619e-01
2.369737153912783445e-01
6.671053509349146593e-02
2.789474051246585984e-01
1.868421298476486692e-01
3.563158363573468712e-01
1.756447599532579007e+00
2.492500327960569528e+00
4.680263773718917886e-01
1.297368591759025191e+00
1.905263408587290763e-01
2.120921331700175383e+00
2.941447755453652224e+00
1.932763412205712239e+00
6.667106140408702863e-01
4.436842689058248523e-01
1.255263323060963554e+00
4.467105850934980360e-01
4.062632113504225373e+00
2.448421374792286276e+00
2.606579290339380295e-01
3.271053061980666032e-01
1.144473834799188738e+00
1.015658028376056343e+00
1.453421243871216406e+00
1.415658081007642233e+00
5.452632296398987055e-01
8.492106380540312971e-01
4.221053186980682770e-01
6.278948194598447108e-01
4.255658454691902293e+00
6.682895616170475561e-01
1.895526565200863933e+00
2.566052969217496038e+00
2.266579245602532211e+00
2.311842409452948555e-01
6.046053427112293432e-01
1.085921195515946902e+00
9.584211787396288429e-01
7.842106295013986372e-01
9.500001250000165154e-01
1.878947615651002101e-01
2.811842475242430917e-01
1.899605513105988575e+00
1.303289645169690258e+00
6.818421949792361492e-01
3.363158337257676211e-01
2.385000313815830886e+00
4.157763704968908236e+00
1.233421214923844156e+00
8.985527498095723375e-01
7.706579961392100442e-01
8.471053746191282707e-01
5.976316575831128741e-01
3.456710981146181805e+00
4.642895347749387724e+00
2.527631911530514586e-01
6.560790336946096701e+00
1.589868630245872438e+00
8.093422117555542084e-01
1.391052814612212529e+00
2.913026699082460702e+00
6.450000848684321886e-01
1.089736985491708721e+00
1.193947525519411190e+00
1.556842310110830407e+00
4.090790011946054405e-01
7.790790498788223717e-01
3.361842547610861542e-01
1.451052822506950335e+00
6.334211359764653215e-01
3.656579428497293560e-01
4.619737449965454212e-01
1.938289728722332850e+00
1.096184354761099433e+00
9.881580247576348119e-01
6.884211432133083841e-01
2.092500275328983861e+00
9.461843350242545858e-01
2.061316060699481589e+00
8.885527484937827403e-01
7.390790446156637605e-01
1.303552803099053081e+00
9.140790676419826566e-01
5.311842804189842449e-01
6.605264027008425076e-01
7.284211484764668842e-01
7.171053575138628400e-01
2.534474017693949754e+00
1.035000136184228481e+00
3.432895188538840903e-01
9.197369631232846232e-02
2.988684603774290238e+00
3.351053072506983366e+00
9.986843419321503323e-02
1.261315955436310032e+00
6.355263994113683479e-01
1.706973908812356555e+00
1.242237005557500718e+00
5.743421808344975066e-01
1.195263315166225748e+00
1.470658088244485295e+00
5.842106031856056925e-01
3.810789975103944016e+00
2.892105643698111295e-01
1.619473897299197107e+00
6.136842912742488387e-01
1.158684362984784721e+00
6.009211317001489361e-01
1.464210718975094583e+00
3.147500414144791314e+00
2.809210895948802134e-01
4.770921680384431873e+00
1.134210675554036207e+00
1.717631804951553320e+00
1.563158100415539542e-01
7.743422071502904513e-01
1.738947597229947073e+00
3.085789879709194938e+00
2.248684506405856265e+00
1.667105482513879244e-01
7.801316815962738849e-01
1.938552886651695673e+00
1.822237081873300246e+00
4.210526869806167222e-03
3.132368833206425673e+00
4.997369078601194836e-01
5.709211277527800332e-01
9.593422314923989447e-01
5.950000782894839801e-01
3.339474123615016610e-01
1.109868567087969327e+00
6.675000878289589767e-01
3.388158340547149927e-01
3.180263576350470522e-01
1.173684364958469117e-01
5.659211270948851791e-01
3.194737262465429106e-01
1.617105475934930980e-01
2.273421351765967380e+00
1.526579148234098460e+00
8.960527494806249660e-01
1.029736977596970693e+00
5.013158554362967534e-01
5.631579688365748737e-01
2.653947717624699498e-01
1.189473840720242315e+00
8.407895843144189696e-01
9.246053848164980105e-01
1.489473880193931565e+00
4.738158518178752776e-01
8.248685295879644164e-01
3.085526721779832116e-01
2.911710909435646144e+00
4.272368983206445425e-01
2.714474041378163172e-01
5.753948125519490198e-01
1.528947569598364531e-01
2.215789765235495479e-01
3.302632013504212538e-01
5.101316460699534261e-01
5.356579652181533424e-01
8.101316855436428988e-01
4.319737410491764629e-01
1.733289701748645051e+00
1.370000180263181599e+00
4.442763742468913257e+00
1.441447558085205083e+00
3.352632020083160524e-01
1.984473945325519129e+00
1.069342245966085070e+00
5.984211313712015645e-01
1.317368594390604608e+00
2.601316131752122729e-01
1.803421289923853976e+00
8.848685374827023331e-01
1.762237073978562441e+00
6.448685059037507772e-01
4.298684776142733810e-01
8.530264280297932267e-01
4.346053203428053013e-01
3.844737347991756260e-01
1.441579137049886494e+00
1.089868564456390132e+00
1.379868602614289896e+00
9.867106561461389536e-01
7.932895780644181327e-01
8.828948530124806904e-02
1.497368618074818303e-01
1.080263300034644880e+00
8.563159021468292886e-01
3.882895247749375001e-01
3.990789998788157877e-01
1.179210681475089784e+00
4.573684812326949123e-01
3.531974148943966885e+00
5.406579658760481966e-01
1.615131791464709421e+00
6.257895560249415734e-01
1.478552826125371977e+00
6.464474534799281580e-01
2.005263421745187014e-01
3.932895254328322987e-01
1.468158087915537813e+00
1.868421298476486692e-01
3.765789969182890551e-01
2.197631868109456210e+00
1.638816005107369245e+00
5.144737519044410012e-01
5.931579727839437766e-01
6.214474501904539983e-01
1.839473926246569246e-01
1.206315948199466970e+00
7.955264204640026815e-01
4.063026850398269829e+00
3.457632033898951907e+00
1.057894876038799475e-01
