1.951506879980097024e-03 1.158651276646494033e+00
1.963068371126413560e-03 2.861576718037667222e-01
3.756976208508303050e-03 9.814819863854956639e-01
4.764870227917050727e-03 1.444663991659289604e+00
4.839426140896246897e-03 2.172444542449980254e-01
5.849596840369238049e-03 3.676383028864379510e-01
8.733544283650931939e-03 1.066905876053818369e+00
8.775338753666060698e-03 1.555035818161309091e+00
1.133019626272215030e-02 5.912726006981748883e-01
1.297585163511731643e-02 8.570254587929964085e-01
1.760924785174619589e-02 1.200972447967772055e-02
1.996224847053490459e-02 1.674112280846186684e-01
2.082233111959790051e-02 1.226244217121582158e+00
2.408792179100718855e-02 6.861189091357204894e-01
2.442454938555965738e-02 1.374961445757334255e+00
3.139847162602366071e-02 5.314707995364130744e-01
3.462355401086363027e-02 7.666212836750380122e-02
3.493925599637627555e-02 7.912678240594077650e-01
4.714482266182176695e-02 4.309568775946761576e-01
4.747467830379190762e-02 7.384384008538673605e-01
4.835539231443712616e-02 1.134446529058599440e+00
5.124452758059444557e-02 8.946678749425659438e-01
5.211670976263212129e-02 3.360587616299801628e-01
5.516829651729140971e-02 1.250381010067754817e-01
5.579546415914078683e-02 1.526646479033341608e+00
6.166405356916587754e-02 2.632442625857959184e-01
6.675387015031294946e-02 1.285651857021365974e+00
7.248421067088271774e-02 1.442266827882593638e+00
7.325067700454623854e-02 6.266676383892950675e-01
7.817279447505527668e-02 3.809275247052325009e-01
8.328465752908424669e-02 5.185903439480241683e-01
8.521691865207023375e-02 5.386176930599813339e-02
8.864201165447584130e-02 5.727469328933909587e-01
8.917506652131926281e-02 1.092575066625549374e+00
8.976819463870733262e-02 8.351293820042400284e-01
9.572914719846295495e-02 1.185007840154814085e+00
9.732262642254431440e-02 7.224502248115325376e-01
9.798574528387188343e-02 2.262272590477409084e-01
1.009076506125541617e-01 1.348837377235512669e+00
1.010234977638069381e-01 7.831744957293336196e-01
1.039471425908714414e-01 1.573148856770184345e+00
1.066306495323033621e-01 1.698880738447650363e-01
1.084318782701188394e-01 1.487820468683869191e+00
1.086809824860139051e-01 1.240403719729072041e+00
1.122810634388835133e-01 1.405242581192682749e+00
1.131563219210447724e-01 9.629421354141899370e-01
1.158732940155575430e-01 4.710047492009089565e-01
1.199139058062960173e-01 1.138228069537558396e+00
1.215545225298155785e-01 9.868912655108347254e-02
1.253986219904902333e-01 9.007002390961513782e-01
1.261837213861197182e-01 6.263622313223837779e-01
1.362351431898013721e-01 3.890409407650725626e-01
1.383780084079093420e-01 1.030450534063746204e+00
1.388921767096152893e-01 2.578276544829494754e-01
1.411844489862656982e-01 2.658279779594020786e-03
1.435758271438287159e-01 8.254127704521946329e-01
1.501383916893193615e-01 5.448961576897788373e-01
1.523777543881147667e-01 1.449017634251346776e+00
1.551162786473455346e-01 2.079623140626846722e-01
1.599083903485107871e-01 1.541348367526698793e+00
1.652603466851205183e-01 1.379084561122607688e+00
1.685320188694937604e-01 4.827168026983523208e-01
1.686716626871575253e-01 1.291301953904239630e+00
1.740950702852460119e-01 6.720180190704224676e-01
1.750095666048931409e-01 1.126819642115338027e+00
1.762668197948240589e-01 1.414046354140212902e-01
1.778321999717120683e-01 1.220641023724538643e+00
1.791951182534848308e-01 9.921234829123524168e-01
1.803872988656822773e-01 8.725186378794906883e-01
1.803979848006365128e-01 7.693970372538069258e-01
1.840860860423279566e-01 2.936961000327776850e-01
1.843517466070858646e-01 1.056419966448403969e+00
1.900786084436766332e-01 1.493715236945316382e+00
2.059750218701693614e-01 5.243588354363863946e-01
2.071106172556958502e-01 1.002940808679460560e-01
2.076652583041167233e-01 6.172557261841252751e-01
2.082683699273102929e-01 9.157873734214172501e-01
2.084778843333529585e-01 3.630790760513150084e-01
2.109279189995978965e-01 2.329258733025719175e-01
2.144934443279357117e-01 1.265742001675171480e+00
2.166130517938760769e-01 1.410274878346721161e+00
2.205609095416737886e-01 6.989428544343050387e-01
2.226592800683252216e-01 1.536115141324554179e+00
2.275427836555537764e-01 1.148352498762392981e+00
2.279168894647652377e-01 8.468378529195509374e-01
2.283526848665094477e-01 1.317477156767475011e+00
2.287414269000274114e-01 9.753311589144910698e-01
2.287973108820539059e-01 1.212060242932063492e+00
2.412290903189057145e-01 1.075149203888145166e+00
2.425431743375165428e-01 9.015400663731194808e-03
2.468685795147759210e-01 1.454606843363733804e+00
2.486536411440148087e-01 1.932962179489189358e-01
2.537537520864436846e-01 1.362312283683655645e+00
2.547096827964865362e-01 5.763671451306418003e-01
2.582529879672568196e-01 3.092205650841536868e-01
2.596941785102360178e-01 4.379879100940831660e-01
2.600940004406221973e-01 8.727185627366887410e-02
2.691733695849000130e-01 2.450285750663700746e-01
2.715525239515604872e-01 4.983211920389703509e-01
2.722279306621405714e-01 8.850092890072882579e-01
2.748647480009988597e-01 1.173375918815694030e+00
2.754758939900556203e-01 1.517738253570672935e+00
2.762437422712439861e-01 1.269747188106496338e+00
2.763620516057014864e-01 1.019418635305762377e+00
2.769911202622465929e-01 3.852565409683439412e-01
2.771390042514638163e-01 1.435703392389249822e-01
2.847024449840878657e-01 1.113017224706156050e+00
2.906074141305423630e-01 6.609532994347723234e-01
2.951744280626530381e-01 9.541325544629456479e-01
3.005476194765098752e-01 1.567568403515672948e+00
3.011135953960183964e-01 1.452135673401361737e+00
3.036509870396445487e-01 3.728171577232993611e-02
3.098867575083906756e-01 4.499417484711124016e-01
3.186282870386519805e-01 1.203075332802425068e+00
3.197848645644579824e-01 7.558943549476007107e-01
3.236560905273778710e-01 1.370211339041376153e+00
3.255243692555544466e-01 5.711606781670981459e-01
3.266932282350735184e-01 5.064222064102564813e-01
3.285380057558241473e-01 2.143276147400070553e-01
3.288088400214833062e-01 1.087244369603392186e-01
3.289115936623415171e-01 3.704158354764304772e-01
3.408250511422822315e-01 1.611656965174959599e-01
3.410234160754559429e-01 1.310200211394198844e+00
3.420204616905294648e-01 3.025031191252568474e-01
3.432164539092920630e-01 1.081100900442020896e+00
3.453329906195032328e-01 8.811410083289129558e-01
3.472905642374529700e-01 1.540061912695817492e+00
3.497416097649222455e-01 9.368837376162043595e-01
3.527866961332287166e-01 7.063677084798306582e-01
3.535844861816498375e-01 9.971033283688689464e-01
3.582304400594572003e-01 6.203010983800861383e-02
3.655152918592282640e-01 6.558769709793389469e-01
3.687971667060716552e-01 1.264746034167989919e+00
3.705991752097673730e-01 6.027615633682882335e-01
3.718368781237302856e-01 7.750224206319913378e-01
3.740111887918700639e-01 1.402599279546361544e+00
3.799353903268459787e-01 1.225402055951358704e-01
3.803911084598276537e-01 3.807346423667325452e-01
3.816114434418619861e-01 1.044648117078373906e+00
3.821768529079928589e-01 4.348658557058759366e-01
3.836302596273801768e-01 2.697574881284759973e-01
3.876808445355395261e-01 1.211669252448541956e+00
3.894210958390543209e-01 1.970139745045274560e-01
3.909445529148816711e-01 5.343842732291689268e-01
3.930975623899013449e-01 1.481118504002434610e+00
4.003034702948808921e-01 1.312473754585479657e+00
4.038892184638322447e-01 8.719309238125999562e-01
4.053702783018490186e-01 9.883262792736964286e-01
4.064316382579585829e-01 3.361892542416961005e-01
4.096554919274703055e-01 9.356706901576188340e-01
4.137375886351198906e-01 8.181107244862231287e-01
4.184016410243766582e-01 6.776414872522143473e-02
4.211641151609060163e-01 1.153904064051570311e+00
4.213940231221293686e-01 1.549254271561395502e+00
4.215786429641150135e-01 7.209015041939696999e-01
4.273848117881065001e-01 1.358024233267968173e+00
4.301894945612428911e-01 1.086573579246193688e+00
4.310622793645134676e-01 4.773579480993198065e-01
4.315222676466184959e-01 2.361170149092045589e-01
4.315952381806937299e-01 2.903953325918555151e-01
4.335998799419084060e-01 1.188323044360614089e-01
4.373302744413551379e-01 1.414396978534230742e+00
4.404676304748570970e-01 1.725756125436994359e-01
4.419809968600782457e-01 6.130998605343137564e-01
4.442389167250105908e-01 1.244756442105344529e+00
4.487901895813831699e-01 6.641360067775765597e-01
4.500753249022065861e-01 4.018119116118075707e-01
4.584239149873240438e-01 5.564733289900970492e-01
4.595888173609314897e-01 1.903769477209918404e-02
4.601141104164405138e-01 1.490282997719562408e+00
4.605921438254731992e-01 8.947145901902842091e-01
4.643567641400896950e-01 1.292892722820436768e+00
4.652119354893636261e-01 1.193542667475750996e+00
4.683514262900071445e-01 7.452101489656219879e-01
4.790105999313785112e-01 1.365841738730888544e+00
4.828260257317231741e-01 1.042400701160738130e+00
4.852755357080246190e-01 2.026104356207610036e-01
4.891178154281372592e-01 1.465282532383242187e-01
4.919364266596167878e-01 8.230844081924010291e-01
4.922499957551217942e-01 1.419733213651056314e+00
4.937057454045520877e-01 1.535183349233472105e+00
4.970994101107814034e-01 9.778383171016068465e-01
4.980632078472752022e-01 6.863257435934095874e-01
5.019843042066236549e-01 3.392486096321136180e-01
5.039958813354230571e-01 5.187631968805804794e-01
5.058204281660655388e-01 1.237900149935450056e+00
5.071081736069649182e-01 9.466978664919767361e-02
5.089365528350953127e-01 1.471753233640547887e+00
5.090233518059219531e-01 4.454553445890241936e-01
5.112531058575139342e-01 6.071231069628357790e-01
5.137096513678293119e-01 1.123561125535139649e+00
5.156590813361910941e-01 2.667992851688177902e-01
5.251915316386381871e-01 1.186191664117414390e+00
5.273178488294899546e-01 9.196849185284299288e-01
5.273428846685290772e-01 4.343327573124100560e-02
5.359102251518734761e-01 7.321332605833945628e-01
5.431408543243556597e-01 8.065584460521432186e-01
5.453926429748195970e-01 8.641152431418660518e-01
5.474740467776739727e-01 4.055270783556503278e-01
5.521230800719235665e-01 1.321017546217873262e+00
5.574145371102829927e-01 1.396508452732205807e+00
5.598786642883920583e-01 5.228678401810801235e-01
5.610966623159368005e-01 1.050457854591644091e+00
5.655533427946100034e-01 1.945408508196534991e-01
5.675735130761183633e-01 1.543982649514869854e+00
5.719259240827052615e-01 1.484415787338172255e+00
5.741447039848117662e-01 6.418671721672311037e-01
5.760881519908023218e-01 2.673936714360852784e-01
5.782167499943585698e-01 1.251422060622486288e-01
5.820489545793278152e-01 9.797346577213321694e-01
5.837843789462330291e-01 7.068464153680319439e-01
5.864004680995734686e-01 9.237156649467745950e-01
5.887803459103934101e-01 5.748784077484182520e-01
5.931057559199500728e-01 4.298086233174036042e-01
5.932213424739425367e-01 1.246189938779825424e+00
5.932683931529212362e-01 3.505960859336847979e-01
5.962069861171395146e-01 1.149471414533103086e+00
5.996408258881129605e-01 8.708879023996272117e-01
6.141578461618527607e-01 3.781906275861138256e-02
6.147855575953895535e-01 1.329928446687355104e+00
6.165689926094669593e-01 1.028914527651790367e+00
6.187909930623355370e-01 3.050312807014474159e-01
6.221855896000455521e-01 1.458339816144701206e+00
6.272027878861664574e-01 7.470739027606192462e-01
6.308114569279965611e-01 1.406121774140548286e+00
6.320539139976306675e-01 6.851247207951304263e-01
6.336677991690027323e-01 4.612829551453296872e-01
6.346305916373361500e-01 8.292965676522523477e-01
6.348434323378897570e-01 1.518554496413722754e+00
6.360561054793353319e-01 1.102263095818926564e+00
6.368581474912738960e-01 1.286916370262691789e-01
6.392885502019778343e-01 2.507557320336575302e-01
6.397027358411918607e-01 1.222205860599449689e+00
6.401652208058643545e-01 5.568222726690640334e-01
6.407769784507414412e-01 9.319192153353221819e-01
6.476082905699658276e-01 1.574795277772484292e+00
6.511099098509326444e-01 6.276707676028313587e-01
6.558985348348251865e-01 1.293679752070600708e+00
6.595792225066596792e-01 3.600840943511706693e-01
6.649191381227645969e-01 5.098148659702015362e-01
6.689422577497793343e-01 1.795970891682129866e-01
6.697123928412483940e-01 1.911566368073515376e-02
6.743411652973703152e-01 2.949351082356233555e-01
6.743546573320446935e-01 1.477991687219052608e+00
6.807477572172401237e-01 8.835225197042612111e-01
6.855264860442854546e-01 4.295864230553092522e-01
6.864829509956112963e-01 1.194949710320232450e+00
6.866945306799618898e-01 1.346546958168553187e+00
6.897792779891982473e-01 6.944866512688059323e-01
6.902684255047532025e-01 1.142182600646866053e+00
6.916845059371441451e-01 1.016927836437429677e+00
6.941310261543711668e-01 1.293158208956210475e-01
7.005180384437053043e-01 1.073602706343436797e+00
7.107478767828780963e-01 2.135381278670942795e-01
7.117419004963126961e-01 5.548276766632584955e-01
7.157237031529344318e-01 7.660834285378822495e-01
7.157851268879148465e-01 5.028795550091883504e-01
7.180701523164623179e-01 9.194376363314443745e-01
7.229616417635659209e-01 1.415736025835900191e+00
7.232857271905771546e-01 2.694844422694750996e-01
7.248038366714665282e-01 9.741625223855738813e-01
7.287403387897744000e-01 8.209687874672559893e-01
7.462518812006060376e-01 4.085451593783062663e-01
7.463397153759244729e-01 4.607613231278527843e-01
7.486014979409502113e-01 1.134493306233899546e+00
7.494843408589199063e-01 1.269630274594488517e+00
7.509748823183162170e-01 6.191969348123863570e-01
7.510862947479395313e-01 5.241745730132789383e-02
7.552199557938690244e-01 1.046389463829836108e+00
7.565456221402604431e-01 3.277803322325604785e-01
7.700457217193324988e-01 1.187881018348808215e+00
7.729155187725429421e-01 5.326440169955757309e-01
7.780891006657740805e-01 2.679471692356742984e-01
7.797567320421298076e-01 1.569485504149008337e+00
7.809209409196424811e-01 6.862122528830131296e-01
7.831584999717656759e-01 7.915916905801785308e-01
7.844432278368540512e-01 9.412221238869637741e-03
7.858631420434294412e-01 1.361917032295534513e+00
7.903365596348519428e-01 9.648362635437156276e-02
7.911055502343024015e-01 1.418162047716132745e+00
7.940349096403619411e-01 8.771363991011623673e-01
7.949234298574894275e-01 1.511340685535351502e+00
7.967565371928582163e-01 9.895886998877926333e-01
7.989113630633192242e-01 3.864884947900529277e-01
8.020141443215071941e-01 2.120110076407294430e-01
8.093551665427055619e-01 1.266470119142296902e+00
8.195719607543294760e-01 9.410525978459107765e-01
8.204697293947075254e-01 1.622791289186311381e-01
8.230122522637860483e-01 1.321268922145601543e+00
8.234180783549041038e-01 4.617077428356068380e-01
8.235218751170853002e-01 6.335496454026264823e-01
8.246201052596612291e-01 7.150733667738591315e-01
8.247754245397139750e-01 1.208881444009975992e+00
8.278584802235628981e-01 3.324241217909049695e-01
8.315876831563562277e-01 1.055936293301207529e+00
8.342777649792985084e-01 5.755472896375078973e-01
8.350580328143226705e-01 6.832752225537748469e-02
8.381355093982651994e-01 8.168743581712309965e-01
8.468384100997397024e-01 8.774794723313851241e-01
8.511932629624157087e-01 1.393285765082699301e+00
8.623963949066808521e-01 4.139924471047714549e-01
8.651508159267049525e-01 4.939262328052989592e-01
8.664339369478215591e-01 1.572622759202382925e+00
8.673707041911122850e-01 2.603552964861354235e-01
8.758488797711755369e-01 1.337945389122997319e+00
8.792351142385407270e-01 1.397815421561032778e-01
8.797103918529947109e-01 3.332658449407315815e-01
8.798771495918918939e-01 9.303827806092433983e-01
8.801805070886604687e-01 1.284627894651777291e+00
8.812367387491393256e-01 7.773034788315013044e-01
8.843987333811967888e-01 1.620666536963043247e-03
8.850082932658066559e-01 8.428853686213808594e-01
8.915891981980448300e-01 9.961058037421699485e-01
8.966629011340432331e-01 5.820866673308201095e-02
8.974469030158577221e-01 1.910588203553665043e-01
9.006101777491012372e-01 1.169489090309686397e+00
9.039156839104548480e-01 1.228391091891063436e+00
9.042082268581891347e-01 5.883703417850616457e-01
9.113413232487972415e-01 6.514737915629272846e-01
9.155135997179253415e-01 3.984364467140661947e-01
9.190274732549709169e-01 1.538899190795113503e+00
9.242336771091249625e-01 7.165247937169605397e-01
9.254662378028114533e-01 5.313266709834633117e-01
9.271338606841804664e-01 1.372781206422438505e+00
9.281565905898155888e-01 1.074104705257686310e-01
9.335215430613489351e-01 1.087648684322766623e+00
9.344935089509474047e-01 1.714460748403896090e-02
9.367920561436098303e-01 8.710659640499434087e-01
9.379636295056686945e-01 3.082709512845911992e-01
9.423293847173819238e-01 4.585739168054120962e-01
9.434459272301505273e-01 7.879252928756030894e-01
9.493788934558931025e-01 9.210163988654175293e-01
9.496987708112893944e-01 1.482066400988103716e+00
9.545157270662576465e-01 1.246630218761660469e+00
9.562533272352699010e-01 2.597126533028313311e-01
9.576051956549321842e-01 3.682705640968479965e-01
9.645651958554232186e-01 9.815276263970853510e-01
9.660066454695503957e-01 7.242566051902511737e-02
9.681290900405895572e-01 1.040839807166924924e+00
9.695500471667048981e-01 5.846945966278432882e-01
9.767364629040615753e-01 1.400760928304666253e+00
9.768475003895044084e-01 2.045343239362057419e-01
9.806511773448320923e-01 6.429012763933044106e-01
9.819781689382488521e-01 5.005358136765968302e-01
9.829882619844422242e-01 1.299892602411698572e+00
9.849584497768139046e-01 1.457346721082703189e-01
9.871004105853199428e-01 1.110633415102807220e+00
9.883553508394746778e-01 8.706410062699726504e-01
9.916746090157514404e-01 4.110245587554940683e-03
9.920495108952556151e-01 1.169274857920460597e+00
9.934620079019389483e-01 1.536857563639002722e+00
1.008255864340512176e+00 7.327221634901172065e-01
1.014141511746181168e+00 9.232317642769695132e-01
1.015278941972572735e+00 9.939967112330373444e-01
1.016735436012046856e+00 1.456695942839306257e+00
1.021286709663407288e+00 1.347976296995281542e+00
1.022725264123888866e+00 1.082849063274898549e-01
1.027773393634595855e+00 6.842878555655644846e-01
1.027840264967562423e+00 1.051378403296120867e+00
1.030390507837504410e+00 4.483047484984590270e-01
1.034817799686755135e+00 1.208999336279129810e+00
1.041271608291320927e+00 5.364918092707235964e-01
1.042000142225145920e+00 8.116580236703396789e-01
1.043823961387694510e+00 2.862865198971230596e-01
1.043992534867504984e+00 1.502097749832460361e+00
1.048775093390899027e+00 8.829875779348322906e-01
1.049288608164026249e+00 3.531046465857761163e-01
1.049937640998909849e+00 6.041863667847403585e-01
1.056566094942116729e+00 1.554386703690955773e+00
1.057316071698981341e+00 5.818082002676264186e-02
1.067050351963269250e+00 7.258552362200463293e-01
1.069453659858154104e+00 5.452739832575978496e-03
1.071987527788624828e+00 1.017275150797871008e+00
1.072225589644130839e+00 1.133634059561071439e+00
1.073349310266574763e+00 1.458777016305520924e+00
1.073893262208478472e+00 2.313063850883177452e-01
1.074389441454385752e+00 1.400823035487211765e+00
1.079453381586268801e+00 1.302873616307364424e+00
1.084602703784145916e+00 6.747734125352902179e-01
1.085949918370777256e+00 5.673032550404822905e-01
1.098097767742297615e+00 4.022535372370921736e-01
1.099336032154744514e+00 1.489068648007991769e-01
1.102131265358390788e+00 8.830551899048134645e-01
1.102995163469354001e+00 1.512133444892908019e+00
1.103423629789971550e+00 1.062608148407107045e+00
1.104982462680943467e+00 3.040463492474676510e-01
1.107845353861018678e+00 4.614457215642303600e-01
1.111659324408640348e+00 8.109432738548912889e-01
1.114162502512178410e+00 1.366879417810273445e+00
1.116160275810529789e+00 1.217910925309037884e+00
1.120069081233699970e+00 1.996820884277460961e-01
1.120571163072813237e+00 9.711324708434967423e-01
1.126048896308054603e+00 3.536448150649878497e-01
1.128002730735440329e+00 1.111755123860259653e+00
1.133915950187808441e+00 2.815810171379286297e-02
1.134710049601435733e+00 5.496757154256872724e-01
1.142535077896760898e+00 6.047190809908582487e-01
1.142535340490966167e+00 1.466028051361834006e+00
1.143032717721916169e+00 7.577863936909636777e-01
1.149287262319631520e+00 1.553825644584667653e+00
1.150059340764938209e+00 4.107444470747309007e-01
1.155966287365550293e+00 4.989956512898185426e-01
1.160048437602804405e+00 1.190844017993257564e+00
1.160534104936823185e+00 8.397171207634102075e-01
1.160749723382936249e+00 1.254269532603297099e+00
1.161020239511309837e+00 1.308055309511818365e+00
1.162785897012230008e+00 1.063751940209888502e+00
1.163726220039259740e+00 1.000900097117507270e+00
1.165203719638188584e+00 9.042947227085951223e-01
1.172617535949037393e+00 1.137367950807577355e+00
1.177199489087011663e+00 2.389457023327583307e-01
1.178322406280796653e+00 3.620963719045803830e-01
1.189435850279928042e+00 7.885256669792013451e-01
1.191980168601556533e+00 4.514176091591438622e-01
1.196244013104995174e+00 1.493589751786294162e+00
1.197647528991330645e+00 5.305546547204819108e-01
1.198551937331463035e+00 1.416257448169958022e-01
1.201171579532159805e+00 6.202010269358984029e-01
1.205735806592850290e+00 6.756612119281946160e-01
1.206490372936031008e+00 1.220560938429406939e+00
1.206847408557718104e+00 3.130914606109382881e-01
1.210768528883479966e+00 9.784966369764745986e-01
1.213210563144093479e+00 1.429900510379641831e+00
1.215790516918351383e+00 7.294512098228891350e-01
1.218660741777961798e+00 3.133205812745912255e-02
1.221384457830526182e+00 1.042104100140403000e+00
1.229682519744307756e+00 1.120421380232361930e+00
1.230533270991065020e+00 1.574656059563540156e+00
1.233903466849446184e+00 2.200956499373232789e-01
1.241452675308536424e+00 9.035881461636632306e-01
1.247158707269866884e+00 5.511334818905776478e-01
1.248026232817844416e+00 1.291642886067266627e+00
1.249303544092949192e+00 1.514407890198538276e+00
1.249767356269271934e+00 8.421574980447527059e-01
1.254077576164686514e+00 1.189172869224333295e+00
1.254109778787469542e+00 1.391346731428995787e+00
1.255569002007253188e+00 3.917919958886115772e-01
1.260326997496298507e+00 3.021034074820051485e-01
1.261835354205600224e+00 4.797496172044404816e-01
1.262679912403930516e+00 7.664980841060800021e-01
1.262960964517548135e+00 1.600165341343954273e-01
1.264913364339717461e+00 1.340312282234186858e+00
1.266562580393320259e+00 7.117820863893583594e-01
1.270866343564442724e+00 6.476056027865203513e-01
1.272799835181789740e+00 8.032321348728208021e-02
1.273730034186091764e+00 1.029206260647075322e+00
1.283144861616671406e+00 1.143820972896379740e+00
1.285147045492284201e+00 2.387842570490038285e-02
1.285448157657999024e+00 1.247563732135201331e+00
1.288242840293607916e+00 2.103675224309757563e-01
1.291008420592854256e+00 9.359586520233754703e-01
1.297432696078513858e+00 8.053215500716629505e-01
1.300372598819534042e+00 2.644520371965195515e-01
1.301566810926687578e+00 1.094445543534611653e+00
1.302080656796936742e+00 1.411160937148016936e+00
1.303398752148160256e+00 1.474786014131263423e+00
1.309732260899710843e+00 4.989811544863794746e-01
1.309848280945313137e+00 4.102884472867501797e-01
1.318322143778229538e+00 3.544264171494704296e-01
1.318900955825999644e+00 5.595688832663822110e-01
1.320645833207254594e+00 1.301277332421471034e+00
1.322404653749572612e+00 6.280077667947936426e-01
1.322435066885695676e+00 1.200260984624260896e+00
1.324132346050480358e+00 1.359329239550186363e+00
1.329978319187431035e+00 6.834121467330815936e-01
1.330347993681196384e+00 1.571696678252160861e+00
1.331779183235104247e+00 8.663795333618506955e-01
1.335457547863708738e+00 1.519379452701080213e+00
1.336480212352006536e+00 1.272985930861412207e-01
1.340594459476197375e+00 9.623164341027898860e-01
1.343745945030440758e+00 1.140043934990891517e+00
1.343957812096995053e+00 4.579184858686037307e-01
1.353283133610149624e+00 1.450404917441018293e+00
1.354476106998156570e+00 2.701948038544106923e-01
1.358447118656269659e+00 1.040263872844133797e+00
1.359741734190113238e+00 3.892556032634867380e-01
1.362475167321187230e+00 7.976067929484600416e-01
1.366006903916406667e+00 1.242973012264168231e+00
1.367939297963614464e+00 7.383420541821186234e-01
1.370855969837067700e+00 5.185118135142514628e-01
1.381916308539242744e+00 1.570465824296560342e+00
1.385380189365943426e+00 3.438168519486767827e-01
1.385797117962284775e+00 6.010800338154800304e-01
1.387353138780661244e+00 1.511735437745190147e+00
1.389396722169728093e+00 1.997177960278235520e-01
1.390897199382894245e+00 1.293874949976626443e+00
1.393501026981485147e+00 6.634397611122029303e-01
1.393534414364721696e+00 9.026339278601668292e-01
1.397401497081464328e+00 1.397677041413540211e+00
1.397689898228161809e+00 6.421810235872328632e-03
1.406365066478556081e+00 1.184911550784528922e+00
1.408397389701858904e+00 4.562833106473113132e-01
1.412032200363244172e+00 4.027823726260972292e-01
1.414187205183226048e+00 9.752484442431377243e-01
1.415073466930351742e+00 8.233440890227741171e-01
1.416101041710257746e+00 1.076536530859183216e+00
1.417679908377236453e+00 1.341941127592714222e+00
1.417788193453448198e+00 7.586921545320941540e-01
1.421510901854614817e+00 1.220418739219696347e-01
1.424606043318450865e+00 5.236373320820931765e-01
1.433340796574078091e+00 5.716454037787063042e-02
1.438637801754967249e+00 2.612226847194837331e-01
1.439322133548362359e+00 7.086721634974527673e-01
1.442527775698198678e+00 1.121390781167191042e+00
1.446910814572782922e+00 9.242912115849690746e-01
1.446954056247656606e+00 1.295652612040831819e+00
1.455983237595678492e+00 2.051054452002613049e-01
1.457917043339290952e+00 1.223948276206179520e+00
1.458387701349921572e+00 7.922968575448555706e-01
1.461173793406646437e+00 6.124829308085271151e-01
1.471238704860108992e+00 3.925032035046815970e-01
1.472687773081311047e+00 5.553272938531487180e-01
1.479868617276618892e+00 1.385590082241299426e+00
1.480073797939398084e+00 1.156435426501486674e+00
1.480470330341931540e+00 1.007897446434725897e+00
1.483144190817162089e+00 1.437912054815016383e+00
1.492049270005185946e+00 1.497004135963979909e-01
1.493812057346870059e+00 6.878532390841658462e-01
1.500406066109175818e+00 1.267150314538264322e+00
1.504612491197110824e+00 7.390175245864116782e-01
1.508625286683610289e+00 2.468426386621921376e-01
1.509165287717445736e+00 2.992015846078789898e-01
1.511742017071720179e+00 9.477325774561176086e-01
1.512660899290086958e+00 3.507882241065832241e-01
1.515837429599691921e+00 5.931911292099263378e-01
1.518155133500492804e+00 5.289847368406140893e-01
1.518838762470302584e+00 1.322630102290547782e+00
1.520007614097055315e+00 4.332897533540427948e-01
1.521984822543814397e+00 1.982896213621985343e-02
1.523048147351139026e+00 1.570526708200125299e+00
1.525490299435644515e+00 8.190285873624604251e-01
1.534721334190654929e+00 1.099489969188508276e+00
1.535541110976277102e+00 1.163312323738990184e+00
1.536500924882321373e+00 6.562594170224640422e-01
1.539080340187994000e+00 8.919089681492656796e-01
1.550847717325351427e+00 7.690435111685152147e-01
1.553137965428345924e+00 1.419271169967466051e+00
1.555410041168220792e+00 1.038752177029413915e+00
1.557347088181864070e+00 1.862715954473880553e-01
1.559065971744830081e+00 2.719961284799080614e-01
1.559254933042740543e+00 9.706274706382710393e-01
1.560659077371929992e+00 5.725890074521879092e-02
1.568485153069438143e+00 3.982179821366192973e-01
1.568692505706990037e+00 1.255594244773651780e-01
1.575494377171628102e+00 1.483601391645587908e+00
1.576113658062532119e+00 8.498833850552244273e-01
1.576705574150700784e+00 1.560468500892426391e+00
1.579347896692600006e+00 1.208734616199420131e+00
1.582102659688720436e+00 5.878186848177321400e-01
1.583359032070665195e+00 1.284025774005401521e+00
1.585453688622012969e+00 1.127880872249127142e+00
1.592086691157964529e+00 3.405554838552161123e-01
1.594440002816128965e+00 1.379130611256467853e+00
1.595028289213064943e+00 7.348906870587912366e-01
1.598587336403372472e+00 6.395705870927382852e-01
1.602256642265793340e+00 5.366308570248756737e-01
1.602387233864587923e+00 2.250662621135188779e-01
1.607212137597884505e+00 1.066648204255205679e+00
1.610245231196875126e+00 9.083039512684472350e-02
1.613867806650659542e+00 3.889505396771350543e-02
1.616706005426204129e+00 1.328742415509069463e+00
1.623340108527919323e+00 1.013490528852717620e+00
1.624099532154971159e+00 1.528748279043685931e+00
1.625447889783509181e+00 8.223277199509668733e-01
1.625892321364034832e+00 9.414852462414490253e-01
1.632054944253219952e+00 1.160945509686835520e+00
1.634147312022685927e+00 1.485557213933917931e-01
1.636293809954877165e+00 8.912141655767824577e-01
1.642268762134451610e+00 3.705826314354475626e-01
1.645282629898209947e+00 7.743107274397764694e-01
1.645327938768153420e+00 6.629026764402907723e-01
1.649389436856874669e+00 1.432567132604999349e+00
1.655717907120381582e+00 2.240436317913357123e-01
1.661046428244089768e+00 1.246795954772200288e+00
1.669128450152317589e+00 1.321523523792161647e+00
1.670476918999786342e+00 7.750518425523773847e-02
1.673745847644460438e+00 9.890381001335099009e-01
1.680672944296716986e+00 1.077749740472706552e+00
1.688813210810417687e+00 1.360013433841499031e-01
1.691227539966141613e+00 1.531988854289371149e+00
1.691792939255172712e+00 1.148897745193827813e+00
1.694674655570553856e+00 9.214727482838349637e-01
1.699573471206929476e+00 6.958360814885170553e-01
1.700633524545543285e+00 2.556892797565318287e-01
1.703962441056427801e+00 1.216292173454143644e+00
1.704273544623406966e+00 4.337654436989778484e-01
1.705385742026521045e+00 7.953536801715079818e-01
1.705633624701738515e+00 6.309557681108848293e-01
1.711163298844869507e+00 1.351997832528385679e+00
1.715136455574731489e+00 1.485496884220661729e+00
1.717709179910412720e+00 3.244935303494532741e-01
1.717771856175162037e+00 1.293190926432255861e+00
1.722391176372507715e+00 4.822694571505610206e-01
1.725425262701697937e+00 9.298457633323756188e-02
1.726737688670024307e+00 1.428412836862526403e+00
1.730343231924945657e+00 1.785613778706550692e-01
1.738424244303319099e+00 5.447858064151694935e-01
1.739339177726106467e+00 8.470896041424409439e-01
1.744106321710774177e+00 9.011188904781619602e-01
1.746309220201662349e+00 7.517284404737153425e-01
1.747436440149040537e+00 1.110960290456961541e+00
1.751480694173053854e+00 1.245588681667916253e+00
1.753014782164220797e+00 6.629318337446566956e-01
1.753471307985787764e+00 1.174147964555033008e+00
1.756628922475085952e+00 4.298718111128750907e-01
1.756822374032098288e+00 2.492301525163459486e-02
1.765994925119851899e+00 1.351379406465816002e+00
1.769124756048438218e+00 1.033587841963259368e+00
1.771271865493250885e+00 1.558751422439596412e+00
1.776638196517581703e+00 5.821601683418516915e-01
1.779914229718919438e+00 1.630715557684643824e-01
1.780551451044687372e+00 9.392282742893273140e-01
1.785357649789515389e+00 5.207969941941346104e-01
1.787725441542884042e+00 3.862617306320427213e-01
1.790016044764338288e+00 4.691274779714154075e-01
1.794389849875407617e+00 1.471690427951801716e+00
1.800866022430899438e+00 1.211490301593448393e+00
1.802683429058824949e+00 1.308110260826857552e+00
1.803547864830740810e+00 3.034489686829677790e-01
1.804008692696047467e+00 6.838186280731672895e-01
1.804891470615767712e+00 1.098125821693809900e+00
1.813375977865726352e+00 8.217424349414020890e-01
1.817856003350647232e+00 8.861963260043832502e-01
1.818618850269323906e+00 1.149326852808614685e+00
1.821071195042249791e+00 1.529027356593622988e+00
1.821900565426227914e+00 1.733414304798506708e-03
1.822257423234066920e+00 2.095882492266420427e-01
1.824786124974547841e+00 9.755764367525604497e-01
1.828633466312071132e+00 7.294637925845861570e-01
1.835673951490990552e+00 1.137693515707327990e-01
1.839206486352872760e+00 5.198442403722348670e-01
1.840041053557674111e+00 4.142728662571443232e-01
1.843884974368088070e+00 5.755525479213188106e-02
1.848565201477063269e+00 2.688455226388046237e-01
1.848648933025157204e+00 5.721802188272162581e-01
1.849592300439480752e+00 1.573283352203440622e+00
1.852168195649057658e+00 6.351602524415513873e-01
1.857115842364877700e+00 7.761691031486485093e-01
1.858527713176545415e+00 1.026099784014931515e+00
1.858973017205140410e+00 1.193010346741737226e+00
1.866388837228291742e+00 1.708564514731701622e-01
1.870753710914035528e+00 9.016266598835734891e-01
1.875763778220141731e+00 4.619858545152524254e-01
1.878206046255541661e+00 1.474770241356819556e+00
1.884816887233831340e+00 9.816266364960213320e-01
1.885038188144324778e+00 8.349494492701047266e-01
1.890480769744184553e+00 1.108691610530745830e+00
1.890625937187129013e+00 7.128890861947594360e-01
1.891471928047327999e+00 1.338766438441527207e+00
1.895588070935996461e+00 2.914265834881550332e-01
1.896525671198832752e+00 1.032950496714453714e-01
1.896966203329852663e+00 1.546141995012934034e+00
1.902714483751535512e+00 5.764247412958002359e-01
1.903306513865390182e+00 3.899953086784098688e-01
1.904278612210248411e+00 8.723416222097213346e-03
1.905369680724667170e+00 1.054595771070130361e+00
1.910666344746640988e+00 1.171184774234591108e+00
1.910954003293265702e+00 1.402796508869295078e+00
1.913668078065235978e+00 1.245580160712828066e+00
1.915416642500365141e+00 6.563322123412783649e-01
1.919798561141495163e+00 7.753547828878895043e-01
1.920790302185498399e+00 9.183360674379285049e-01
1.922684621099346236e+00 5.040901401806698878e-01
1.928420391787659671e+00 5.573975355128450715e-02
1.929024035094259792e+00 2.330684481682631648e-01
1.935233676660058189e+00 4.380401796774093803e-01
1.936434844096582397e+00 3.330166750733436487e-01
1.941771594295618630e+00 1.298636433029665582e+00
1.943135318163548009e+00 1.454698798332560994e+00
1.947890624522811587e+00 5.512914069859693456e-01
1.949266140471672459e+00 1.009170173381114921e+00
1.950892884526094662e+00 8.716646774398231212e-01
1.956971563084738630e+00 1.097602381210829314e+00
1.957334618877672794e+00 6.948504666408711339e-01
1.958764040880520474e+00 8.164585436889462144e-01
1.959581492983403894e+00 1.537849708534462900e+00
1.966297672642736805e+00 1.245909167379423588e+00
1.968221796033832183e+00 2.182312815955362445e-02
1.970374460412883000e+00 1.347361356900556029e+00
1.972471166157116151e+00 1.159403498067326455e+00
1.973334020529814214e+00 3.794305692252011863e-01
1.973466884555508782e+00 6.421493184035157453e-01
1.979573931082553973e+00 2.091940255575436003e-01
1.980514421913876388e+00 7.441961998379191812e-01
1.984912307185800140e+00 5.876740108682618757e-01
1.985593663451246771e+00 1.045770307660227161e+00
1.986805663392229304e+00 8.903938795639915194e-02
1.988625667461342061e+00 5.176204625150536698e-01
1.988871688432654050e+00 9.668529109890848794e-01
1.991505425598563805e+00 4.567790528068989553e-01
1.993254269363484932e+00 1.469437739035813983e+00
1.993349539589193364e+00 1.289709521908861234e+00
1.999804085836533130e+00 8.922659194814053230e-01
2.012212375188512148e+00 7.929136552185839237e-01
2.012557480511604435e+00 6.864836943403488378e-01
2.014004211452258719e+00 2.845720003723140046e-01
2.015371685704975935e+00 3.470289017718768410e-01
2.016736254140757634e+00 1.661155096339654580e-01
2.017692669807268135e+00 1.559038397391775632e+00
2.020076004768382116e+00 1.562370170899846089e-02
2.022047499366454115e+00 1.236073271234846116e+00
2.023403607605947840e+00 1.108215641958751219e+00
2.027286805737339659e+00 1.508518298263553659e+00
2.030826057203616752e+00 1.325475835876341879e+00
2.035935768195864526e+00 4.881885445976117399e-01
2.037609770310150115e+00 1.041802712444102275e+00
2.039647453036883107e+00 4.282828363603534694e-01
2.042974249202036852e+00 1.061973398584522554e-01
2.046103025278677379e+00 5.889453058258889984e-01
2.047610640017597738e+00 8.557130344929281263e-01
2.052159942785841018e+00 1.406205792635359941e+00
2.053590714342494294e+00 1.186956304166624676e+00
2.053661057387702993e+00 9.291346862040413823e-01
2.058689606070023714e+00 6.512935533163428659e-01
2.061793295030518447e+00 3.722739556905824698e-01
2.063092337880338523e+00 2.008853318082042261e-01
2.064115366767667492e+00 2.679819861638271794e-01
2.068158369481530645e+00 7.511513207133738712e-01
2.068788892291100190e+00 1.539242950714907909e+00
2.072675389429502690e+00 1.275251758794327950e+00
2.074891232693463650e+00 6.005634934541245751e-03
2.081298319585269674e+00 1.097590668679014225e+00
2.086081349777154870e+00 1.485007060114472477e+00
2.088508539836971600e+00 1.326332458605257392e+00
2.091275816295385948e+00 1.408737550014776407e-01
2.091481826139380829e+00 9.735376821199526187e-01
2.095047379640234020e+00 7.016620892111925523e-01
2.095183919456265809e+00 5.096812030851651798e-01
2.096800531301514781e+00 1.028980968145999375e+00
2.100494438350701820e+00 4.136898614105552485e-01
2.100895262950133180e+00 3.157219408044819597e-01
2.102298842237804166e+00 6.051839268963491447e-01
2.118034375328920138e+00 1.134122398316990354e+00
2.118710583302124029e+00 7.750105612652952169e-01
2.119254808927939937e+00 4.167585631180713290e-02
2.122434074614482746e+00 1.422884574101762833e+00
2.123994263680440309e+00 1.283951113461606619e+00
2.124642651944025573e+00 1.570657682369522190e+00
2.127923656707151334e+00 1.226903005118423762e+00
2.129180589372231314e+00 4.595986071723376920e-01
2.130410078626268966e+00 1.004337604711395965e-01
2.131194787032225868e+00 6.505280038846159574e-01
2.133362646675295071e+00 3.669524219278705868e-01
2.134684904273475681e+00 1.364587417753807763e+00
2.135065690078671974e+00 1.507367668880375211e+00
2.147730197103525640e+00 2.775258180358188276e-01
2.151800595936273375e+00 9.138579598585740982e-01
2.152005351763624841e+00 1.783774662946000233e-01
2.160356325947079714e+00 7.353106452984401464e-01
2.160441652274578406e+00 8.085861823410143631e-03
2.160714834814951413e+00 5.639253291166893556e-01
2.164420589070864764e+00 4.170920833615208156e-01
2.167288042102916812e+00 8.325263109169818154e-01
2.170591979095758184e+00 1.467008343448461760e+00
2.170889070232280726e+00 9.705626799938841254e-01
2.171110911721457981e+00 6.167038554488974977e-01
2.171715668789937492e+00 1.134522760613835279e+00
2.172259999994849089e+00 1.025352503780004643e+00
2.176833466807603479e+00 1.413474398754864803e+00
2.177080087361152660e+00 1.280404759355734390e+00
2.182030580285444277e+00 4.759452591297136936e-01
2.186565632741300114e+00 3.656684057686267475e-01
2.192823668063709874e+00 1.515388432021258502e+00
2.195273097528744000e+00 2.354369327836287606e-01
2.197763104795145583e+00 1.574986297867573048e+00
2.201758120295861598e+00 1.176835681830216418e-01
2.201927590893046904e+00 1.230229244927059540e+00
2.204178675365060958e+00 3.073410113041612490e-01
2.212656169659174221e+00 5.339883988985585361e-01
2.216157263218612616e+00 4.514421311779238249e-02
2.220758637941360192e+00 8.989266355608961367e-01
2.221100417302382724e+00 7.810345131272377062e-01
2.224378138638333002e+00 1.810548221723950468e-01
2.229150188723461934e+00 6.321279875653512681e-01
2.230587684242547386e+00 1.434650718198409391e+00
2.233627230347372539e+00 4.162953644310657397e-01
2.234110247040514974e+00 1.380261289763785593e+00
2.234631797062732073e+00 1.045668696928780950e+00
2.235491017989474027e+00 4.739133356766468963e-01
2.237879973903112329e+00 7.173911675923783093e-01
2.239272717712516680e+00 1.171184975871928824e+00
2.244566587059534157e+00 8.309694235788964711e-01
2.248993360248310758e+00 4.065503064961575874e-03
2.253953684779079758e+00 5.749707137757618103e-01
2.256031072059332399e+00 1.295320931005576215e+00
2.258857258396087531e+00 1.478128091868004645e+00
2.261491772647640008e+00 3.699157117676081796e-01
2.264701536130794945e+00 5.182134225271263217e-01
2.267140225735780223e+00 1.544693524943330676e+00
2.267570229317501518e+00 1.212660453354121731e-01
2.274439362084227589e+00 9.404573377751537233e-01
2.275947054615124365e+00 1.130252643139272539e+00
2.276098495921374809e+00 1.830136091294227163e-01
2.279825668415641715e+00 1.205364492555298650e+00
2.281338599209412177e+00 2.579710679796372030e-01
2.282290801319491802e+00 7.896697246261683567e-01
2.282742328590873004e+00 7.200019510514546472e-02
2.285646829243241474e+00 8.843708236346049523e-01
2.286374024443558639e+00 3.200632210902558672e-01
2.289418610778045426e+00 7.059704159674613511e-01
2.298978633380509340e+00 1.076282844232588021e+00
2.299357067478813299e+00 1.262044640224979641e+00
2.300008599410164223e+00 4.130681603300088711e-01
2.304510585512869802e+00 6.511857952191373311e-01
2.307414996759737047e+00 5.876149985314054192e-01
2.310604208923876968e+00 6.370247896542391430e-03
2.311172386571056947e+00 4.901543596215915954e-01
2.322158130653810382e+00 9.718331385011811374e-01
2.326296868156367381e+00 1.469526160195875342e+00
2.326954411438623360e+00 3.687074125124154556e-01
2.328649716871385777e+00 7.418426029950531131e-01
2.332629961526803353e+00 1.548904031351330701e+00
2.333147491106347005e+00 5.325323203287169599e-02
2.334433264577432610e+00 1.030274918469134882e+00
2.338663507407324094e+00 8.071830462625377844e-01
2.347727308536075697e+00 1.914384011188469126e-01
2.347850274752200761e+00 1.250298499892913417e-01
2.347891756570750665e+00 6.833203849172376776e-01
2.352841621031569463e+00 1.320350091941941972e+00
2.353441500228632854e+00 2.428380795453209950e-01
2.354948447944375634e+00 4.576000972461178873e-01
2.356761368392755962e+00 3.223271383453070738e-01
2.357573749811726849e+00 6.239072479815745975e-01
2.358649306882000474e+00 1.084633695292931188e+00
2.359901401410099187e+00 5.479974495755485231e-01
2.365072164117641318e+00 1.425556947862065771e+00
2.370353707522173448e+00 9.175042593874886965e-01
2.380230779905879945e+00 8.475725996913341387e-01
2.385668321880278775e+00 8.882058982913491885e-03
2.386060552360170561e+00 1.371903950610575462e+00
2.391421747122720820e+00 9.957884399590106739e-01
2.402301824729639268e+00 4.087394761245648489e-01
2.402567102777578345e+00 1.556014960038728079e+00
2.402825723072226083e+00 7.138800563823569645e-01
2.404255781340370213e+00 1.170665099723996905e+00
2.405314710113673371e+00 1.055679732844839291e+00
2.406389648309704921e+00 2.354830395787224917e-01
2.407085604125812850e+00 1.108131540562202061e-01
2.407348631341751588e+00 1.488724169839447109e+00
2.408445702603160488e+00 2.949053621038558171e-01
2.409929035680955955e+00 4.860609836504956593e-01
2.417053694194933655e+00 1.119040214465139460e+00
2.418792497993071056e+00 7.714114129942161169e-01
2.419277870193544011e+00 5.444716438893174026e-02
2.425605460170375149e+00 1.268882068400871699e+00
2.431562239766052347e+00 8.219385178963183325e-01
2.431994815866676873e+00 1.760391425341266691e-01
2.432260071615236274e+00 9.527557881458507127e-01
2.440357210489222162e+00 6.692141925651039491e-01
2.443389070546753139e+00 1.393299070233009918e+00
2.444590004685308848e+00 8.980576922155986130e-01
2.445678035110503412e+00 3.601252434245126866e-01
2.447789202699200750e+00 1.327065558983420379e+00
2.451681978917353621e+00 1.454070162141209765e+00
2.452013950905576944e+00 5.547525182408585831e-01
2.452859369113785881e+00 1.456015071391085491e-03
2.455812612867423805e+00 1.524277208808896722e+00
2.460261130518270001e+00 8.555058297723916461e-02
2.470293775410187020e+00 2.192672254023214085e-01
2.474746734351155553e+00 1.183684826419676872e+00
2.475140028745582477e+00 4.069443653494339008e-01
2.475759219749444906e+00 1.111353391386518785e+00
2.476136306715283730e+00 4.687060531146992060e-01
2.477805810339970716e+00 7.318245240351268777e-01
2.480139074020244916e+00 1.237970375675119250e+00
2.481824013952319774e+00 9.770963733152320252e-01
2.489242376184029215e+00 8.077540402437871636e-01
2.491634659515517658e+00 8.650648636285404036e-01
2.495411637664662230e+00 1.378975215433957624e+00
2.496765536043785261e+00 1.311622563840891265e-01
2.500142455002297037e+00 1.309583252599543668e+00
2.505800138164347768e+00 2.851690475396536639e-01
2.515880393935320924e+00 2.913968048660214860e-02
2.517682216821072849e+00 6.399294402983634056e-01
2.519513677067511725e+00 1.553411198397267157e+00
2.520608281318457600e+00 3.566150746370245206e-01
2.522193510488451196e+00 1.926348965696992044e-01
2.523520353625274826e+00 5.242486742611527362e-01
2.523801791492644941e+00 1.461544913809071478e+00
2.524399936637945263e+00 5.791707434343239536e-01
2.524663494782349638e+00 7.593485836849209747e-01
2.529498534809837107e+00 7.044041726273637671e-01
2.530133398995944916e+00 8.147549962102582088e-02
2.531765757340453504e+00 1.094645792089997904e+00
2.534477489952208007e+00 9.941341110382432289e-01
2.536838277252938756e+00 1.186230490432067297e+00
2.540449166790919922e+00 1.274307958692621146e+00
2.541082937991076207e+00 4.505996667117507792e-01
2.542928737597093480e+00 8.088454266492074440e-01
2.560463166090411136e+00 8.576985665233098910e-01
2.563085806029796743e+00 9.162251540091352897e-01
2.565570582693894597e+00 2.613543457139358983e-01
2.569408929671239683e+00 3.306279388710225975e-03
2.569954602322528814e+00 1.440656852915420116e-01
2.572758668016627226e+00 6.397687602937927043e-01
2.576725501808311058e+00 5.085153309410593847e-01
2.576778042698630422e+00 1.489184346833593686e+00
2.577426865954427715e+00 2.036480147387552397e-01
2.581476989902463437e+00 3.182801996358413099e-01
2.582785369758561433e+00 1.042895771255815118e+00
2.589334870036683611e+00 1.113569335512822445e+00
2.589929579340662702e+00 7.179166851461207255e-01
2.592489891787339573e+00 1.282484206509042934e+00
2.593130121731523907e+00 4.133296902170408571e-01
2.593856438875977943e+00 8.858715787158387422e-02
2.598113560880812578e+00 1.439707944517027327e+00
2.599100484854797166e+00 1.169411342074486049e+00
2.599587171660227458e+00 1.348782012224858162e+00
2.610582279137057871e+00 8.936198661488697903e-01
2.611678120184687035e+00 5.655360737274597316e-01
2.612711617886099624e+00 1.221973009567407287e+00
2.623642581327653378e+00 7.814518193097489407e-01
2.625150553557094035e+00 1.517192533189215986e+00
2.628979575928154233e+00 4.643079884751322717e-01
2.629927977794306759e+00 1.569996753936392597e+00
2.634866636838912424e+00 1.329273741989783764e-01
2.635145541867359498e+00 6.926998509350161815e-01
2.638994414492795038e+00 2.635433237155260927e-02
2.642257616288246957e+00 6.374986923269458927e-01
2.643544327213700917e+00 1.306232198444928994e+00
2.644389763994716258e+00 7.775056056861449905e-02
2.644503950343067178e+00 2.500844602112928805e-01
2.645871613261179256e+00 3.286586838933472365e-01
2.647996873084613068e+00 1.093680872374808821e+00
2.648023859673308777e+00 9.803971847899560776e-01
2.652106748323761476e+00 1.175566614744768978e+00
2.653388791946801994e+00 1.428992436941602051e+00
2.653412739531371134e+00 8.490380741310676882e-01
2.654147304909264538e+00 3.900547484091205219e-01
2.657080260463691612e+00 9.202262089980641768e-01
2.657905257863605097e+00 1.254847815324521942e+00
2.660479513939301377e+00 5.839681908437019953e-01
2.663249824615268047e+00 1.850351602026318321e-01
2.669171289554177040e+00 5.168396586026213768e-01
2.677280357470119831e+00 1.024041481892842054e+00
2.679089906835658841e+00 1.368350636135835741e+00
2.681980998834535335e+00 7.338885012349571912e-01
2.688934173834894636e+00 1.486365942980516497e+00
2.700360610064165723e+00 4.705075912019221485e-01
2.700452687862433532e+00 1.198402798419250681e+00
2.701323992249690775e+00 8.299872754997065227e-01
2.704067256629244742e+00 4.068169378755902565e-01
2.704605515716647979e+00 2.208308810729339156e-01
2.709145058826877506e+00 6.396422765035488789e-01
2.709752372877249460e+00 7.164834360605983055e-02
2.711871657093226418e+00 9.042583292095712766e-01
2.721280699885196608e+00 2.696111620337708903e-01
2.724391929109871935e+00 1.100052894874881115e+00
2.726850634703426923e+00 7.789697285423957673e-01
2.727476847003414306e+00 1.411106878478914695e+00
2.728803451743846864e+00 1.151976589364626991e+00
2.732004262957556051e+00 1.348321765430184005e+00
2.733143024772418439e+00 1.047958864414165525e+00
2.738524920282500386e+00 9.715035340121424001e-01
2.740155960270627578e+00 9.129611862572745151e-03
2.743193817943752499e+00 5.309773011369565143e-01
2.749584495985489596e+00 1.477012172485217878e+00
2.750642625824225362e+00 1.914080729991338159e-01
2.757037389798250970e+00 7.116103546210801323e-01
2.758008294387737536e+00 6.088404729855348974e-01
2.759217280791355975e+00 1.196665501177970770e+00
2.760056593342344211e+00 8.922599397699640389e-02
2.761040109082873784e+00 8.406998896072036542e-01
2.761598352989737659e+00 1.249025597108719188e+00
2.766798651281968890e+00 3.165712823213353011e-01
2.766927575876321654e+00 1.310168451544699630e+00
2.770680724284599883e+00 9.069819289935187046e-01
2.777421917901481851e+00 1.455014108544855356e-01
2.778378468465208861e+00 3.982556785988853321e-01
2.780661728012696621e+00 7.699145930602783183e-01
2.782358495934580844e+00 1.525587855110515978e+00
2.782454367737337897e+00 1.415198529472619038e+00
2.789643018527519835e+00 9.643319624385295885e-01
2.793810924172575483e+00 5.060164322059536035e-01
2.794353842984322434e+00 4.476188659270645132e-01
2.794947911021774534e+00 1.362234667576256442e+00
2.799096849197810766e+00 1.833756640223037533e-03
2.806115170084687804e+00 6.318984810338527103e-01
2.806749123311604421e+00 1.079861531127058960e+00
2.808967420823722083e+00 1.021931775894812766e+00
2.809027226404192223e+00 5.631350189417778929e-02
2.813589575931140452e+00 2.396543227567328183e-01
2.814477836043364878e+00 5.539169350807646719e-01
2.814966456841051290e+00 1.234134938374683577e+00
2.818613746496665851e+00 1.819096497663933443e-01
2.818771858222879789e+00 1.292179060743868124e+00
2.822309552822998668e+00 1.186732816007336072e-01
2.822495865654881975e+00 1.453822597158113350e+00
2.822844430647745373e+00 7.272557240764359054e-01
2.823023215670042330e+00 8.258219363114053246e-01
2.832162093275473858e+00 3.028098271190625690e-01
2.834180541987670665e+00 1.508613634596954300e+00
2.834443815147333012e+00 3.773622810059560351e-01
2.841204995065764294e+00 9.658904523238016626e-01
2.843953735659194848e+00 1.397719960703678543e+00
2.844815681420322928e+00 1.343590328952836810e+00
2.846073568803804577e+00 1.565175305911364667e+00
2.847042230885558745e+00 1.156721612976426172e+00
2.847849107510997513e+00 7.794848568674446199e-01
2.849537248494260933e+00 6.756276558271301358e-01
