1.139605413105975407e+00
1.640789689577590860e-01
4.446053216585949541e-01
7.839474715720357034e-01
8.236843189058314918e-01
8.763159047784085942e-02
9.247369637811794219e-01
2.348552940599071270e+00
1.641579163365679328e+00
3.998684736669044226e-01
2.257895033933557116e-01
6.260527139543045072e-01
5.384211234764636478e-01
6.539474544667703282e-02
2.063816061028429072e+00
2.665658245481348221e+00
7.118421989266050798e-02
4.502632171398970318e-01
1.668026535266649457e+00
9.817106554882442104e-01
5.056579612707844396e-01
1.092105406855974591e-02
5.946053413954396349e-01
3.475000457236902540e-01
2.177631865477877238e+00
1.594605472974404359e+00
1.538158097126065549e+00
7.171053575138627845e-02
2.978289865564456296e+00
7.723685226800687531e-02
4.605263763850495073e-02
3.894737354570704940e-02
6.932895649065217158e-01
1.426315977146839220e-01
8.684211668975219678e-02
9.276317010041712496e-02
6.736842991689867555e-02
6.276316615304818047e-02
3.450000453947428269e-01
1.631579162049889842e-02
2.670921404068606009e+00
2.696710881146168859e+00
8.572369548995993904e-01
2.048684480090063320e-01
6.994737762465494946e-01
1.255263323060963609e-01
4.618421660318639682e-02
1.049210664369824242e+00
9.355264388850577373e-02
5.106579619286791827e-01
4.231579504155197902e-01
1.055263296745170692e-01
2.605263500692565903e-02
1.276315957409994428e-02
3.671053114612252144e-02
2.587105603566526746e+00
1.526315990304735574e-02
1.712500225328977166e+00
5.797369183864365949e-01
8.618422186634498716e-02
5.250000690789564939e-02
1.737105491724406869e+00
6.947369335180175742e-02
1.781579181786734356e-01
4.421053213296475409e-02
3.684211011080396319e-03
6.986843024584608874e-02
1.719737068386456291e-01
9.631580214681607910e-02
3.565789942867098050e-02
1.203815947870519487e+00
2.000000263157929517e-02
9.648685480090195554e-01
5.184211208448843283e-02
3.486842564058232480e-02
1.009868553930072910e+00
3.986579471918351825e+00
6.552632441135847197e-02
1.061184350155835565e+00
1.005263290166222429e-01
3.543816255765297019e+00
4.718553252441217261e+00
4.263158455678744269e-02
2.526316121883700333e-02
6.671053509349146593e-02
4.133816333396886478e+00
1.465526508621909141e+00
7.302632539820071156e-02
2.061842376558207512e-01
6.840790373788206979e-01
1.086184353445309725e+00
1.171184364629521690e+00
2.078947641966795087e-02
2.393816104449487447e+00
4.421053213296475409e-02
3.926316306094250752e-01
1.672368641101137088e-01
1.454868612482712154e+00
1.057894876038799475e-01
4.411711106804093063e+00
4.763158521468226492e-01
1.850000243421084656e-01
3.815789975761838676e-02
1.038158031336583048e-01
1.050000138157912988e-01
1.097368565443232330e-01
1.998552894546433478e+00
1.840000242105295003e+00
7.447369400969658382e-02
6.580264023718950250e-01
1.975000259868455177e-01
8.368422153739757396e-02
1.242105426592819278e-01
2.459210849896164564e-01
1.163158047783953708e-01
4.467763745758388083e+00
5.144737519044410845e-02
1.123684358379520853e-01
1.123289621485476619e+00
3.394737288781222301e-02
5.935527096779881218e-01
9.078948563019548224e-02
2.187500287828985090e+00
2.073684483379537313e-01
9.644738111149751825e-02
1.434210715027725569e-01
9.618422318213462607e-02
3.006579342970966406e-01
1.628947582756261059e-01
1.000000131578964724e-01
4.014474212430817479e-01
1.518684410353212000e+00
5.065790140235545413e-01
7.653948375519523672e-01
9.390790709314567053e-01
2.783026681977195160e+00
4.500000592105340980e-01
4.894737486149669525e-01
1.832631820083134189e+00
2.252105559487573849e+00
1.892105512119146293e-01
2.868421430055451485e-02
3.760526810595632985e-01
5.246053321849121209e-01
2.303421355713336283e+00
4.060790007998685169e+00
3.593421525450200549e-01
1.800000236842136392e-01
1.094079091326196185e+00
4.011842633137188696e-01
1.776447602164158202e+00
3.419737292070696433e-01
3.412895185907261375e+00
2.572763496416249573e+00
1.967105521987568828e-01
1.367105443040189938e-01
2.702631934556833371e-01
6.682895616170475561e-01
6.285527142832518788e-01
1.544737045360137506e-01
3.365789916551304994e-01
4.939474334141359946e-01
8.552632704293777755e-02
2.077631852319980488e-01
2.407895053670401908e-01
1.235526478358747182e-01
3.858421560318626486e+00
2.189473972299206816e-01
5.576316523199542630e-01
3.559605731527069938e+00
8.944738019044476962e-01
5.026316450831112143e-02
4.465790061288166246e-01
1.753026546450861423e+00
2.593947709729961915e+00
2.842763531942570143e+00
9.486843353532020684e-02
1.015789607340737838e-01
1.318026489214011665e+00
3.142763571416259616e+00
2.598684552458493946e-01
4.117105804882342568e+00
2.061842376558207679e+00
4.192105814750765047e-01
5.984211313712015645e-01
2.490789801419710792e-01
1.769868653930086078e+00
3.301316223857397869e-01
1.804079184747261255e+00
8.181580023892108811e-01
2.272368720048515978e-01
1.763552863625376776e+00
4.648684822195371380e-01
6.773685101800671626e-01
4.661842718663515850e-01
1.110921198805420840e+00
1.023815924186305848e+00
1.028684345879519180e+00
7.568422048476585173e-01
9.369738074965536789e-01
1.450921243542268924e+00
3.153947783414182138e-01
6.994737762465494946e-01
1.164473837430768155e+00
4.093421591239683188e-01
5.075000667763246431e-01
4.610526922437753194e-01
8.128948438019532041e-01
1.095263302008329331e+00
3.690658380349786771e+00
9.182895945117888203e-01
1.165526469148219668e+00
2.897763539179412984e+00
3.331316227804766772e+00
7.115790409972422292e-01
2.660526665858771733e-01
3.564474153220283270e+00
7.140790413261897118e-01
1.208552790599051407e+00
3.309210961738284773e-01
8.948685387984919304e-01
8.350001098684355361e-01
8.506580066655272665e-01
9.444738084833959046e-01
1.017105396987552313e+00
2.557895073407246422e-01
4.757500625986924803e+00
1.352237020031186843e+00
1.291842275242404581e+00
7.263158850415638579e-01
1.218947528808885350e+00
5.565790206025027498e-01
8.277632668109561331e-01
4.476974273286089101e+00
4.090921590910736150e+00
1.464210718975094583e+00
4.334474254536086590e+00
1.142105413434922889e-01
8.498685328774385761e-01
1.586579156128836265e+00
1.472368614785344032e-01
6.802632474030588794e-01
5.348684914300646520e-01
1.132631727977859049e+00
3.710526804016684999e-01
7.192106209487659774e-01
1.057368560180073747e+00
1.556579152181467307e-01
7.601316789646945793e-01
3.530263622403108092e-01
3.265789903393408466e-01
7.997369473338088453e-01
7.009211448580453530e-01
4.474079536063096718e+00
1.063289613590738591e+00
3.593421525450200549e-01
6.107895540512571220e-01
1.462763350363598835e+00
4.498684802458526866e-01
1.153947520256252801e+00
6.334211359764653215e-01
1.109210672264562270e+00
3.606579421918345019e-01
7.201316737015360792e-01
9.915790778393523963e-01
2.988158287915564371e-01
2.429868740772202607e+00
1.035000136184228481e+00
1.044079084747248087e+00
2.802631947714730176e-02
6.968421969529207116e-01
2.370526627700872080e+00
1.157894889196695899e-02
4.246579506128882464e+00
2.412763475363615129e+00
5.756579704813119536e-01
2.409210843317216300e-01
5.280263852666297053e-01
2.430000319736884240e+00
4.531579543628887485e-01
6.306579777181550162e-01
2.080789747472335360e+00
2.492631906925251162e+00
1.096579091655143667e+00
1.121184358050573371e+00
8.101316855436428988e-01
7.864474719009831860e-01
3.214474107167645811e-01
3.550000467105324797e-01
8.427632687846406956e-01
3.600132052648954417e+00
2.326316095567907194e+00
7.044737769044443487e-01
2.012368685837985005e+00
1.451842296295039025e+00
8.081580010734211728e-01
1.198026473424536054e+00
1.836842346952940463e-01
8.451316901489066558e-01
7.394737815097081057e-01
2.010526580332444802e+00
9.177632786530629527e-01
9.611843369979391483e-01
3.926316306094250752e-01
1.873684457063744535e-01
2.735526675727193990e-01
6.306579777181550162e-01
3.789474182825550708e-01
1.128684359037415597e+00
8.598685341932281734e-01
1.080658036928689114e+00
9.418422291897670107e-01
5.052632243767400944e-01
9.473685457063876769e-02
4.141184755419047292e+00
4.907895382617813440e-02
4.505263750692599101e-01
3.896053144217518915e-01
6.622369292417011888e-01
7.194737788781288002e-01
3.488158353705046455e-01
1.553947572887838524e-01
1.190789630367056623e-01
2.151842388400314388e+00
2.922368805574843131e-01
2.385526629674556698e-01
1.214473844009716363e-01
6.401316631752188568e-01
3.744737334833859732e-01
1.952631835872609967e-01
2.485263484903090347e+00
2.159210810422474980e-01
5.805263921745252853e-01
2.371052943559597836e-01
2.750000361842153129e-01
3.864474192693972965e-01
8.622369555574941336e-01
1.693552854414849262e+00
1.919737094702249347e-01
4.618290081353958243e+00
1.130263306613592950e-01
2.363158205678711210e-01
2.115789752077598951e-01
5.010526975069339306e-01
7.855264191482130842e-02
9.723685489958616701e-02
1.593289683327590023e+00
9.592106525277174778e-02
1.903947618940476094e-01
6.097369223338056088e-01
3.513158356994520726e-01
1.518552831388530588e+00
4.805263790166288129e-01
3.659211007790922343e-01
3.304079382115708174e+00
5.131579622576266236e-02
4.876711167988311502e+00
3.475132036201583841e+00
3.168421469529140722e-01
1.676316010041580262e-01
2.026579214023580988e+00
1.497368618074818303e-01
1.064342245308190105e+00
4.835526952043019966e-01
1.449210717001410131e+00
1.585131787517340518e+00
2.323684516274278633e-01
1.352631756925231077e-01
4.684211142659361338e-02
3.602500474013220266e+00
2.344737150623309452e-01
2.336184517919015491e+00
2.728947727493122311e-01
9.355264388850577373e-02
5.322369121364358691e-01
9.464474929536175196e-01
1.019736976281181151e-01
4.671053246191216868e-01
6.228948188019498566e-01
4.488158485284011512e+00
9.473685457063876769e-02
1.040263294771486269e+00
3.307895172091470104e-01
2.222105555540204946e+00
5.276316483725853462e-02
7.985527366516759207e-01
1.876579194286736030e+00
2.026973950917625000e+00
2.132631859556823883e+00
1.384210708448777583e-01
2.905263540166255209e-01
4.082895274065167612e+00
2.201316079120536895e-01
4.532105859487613131e+00
1.165789627077582491e-01
6.561842968663548215e-01
1.196579104813040084e+00
2.235658188902393206e+00
2.692763512205725185e+00
5.565790206025027220e-02
1.743421282029116171e-01
1.831579188365682620e-01
2.373421364923864019e+00
1.999210789369840757e+00
4.078947905124724604e-02
1.551315993594209741e-01
3.959211047264611372e-01
3.929737359175968336e+00
1.263158060941850236e-01
2.842105637119162961e-02
9.631580214681607910e-02
4.317632147056861491e+00
2.338158202389237217e-01
2.084473958483415768e+00
3.303421487292300895e+00
7.421053608033369164e-02
8.802632737188517686e-02
2.144737124307516396e-02
3.947368940443281987e-03
2.825000371710575386e-01
5.223684897853276415e-02
1.911842356821362721e-01
3.347368861495902959e-01
1.741973913417620201e+00
1.772368654259033616e-01
4.815790107340803955e-02
1.209210685422458659e-01
2.380658207981343200e+00
2.147368703601145179e-01
8.359211626212056379e-01
2.250000296052670490e-02
3.637368899653802501e+00
2.094210801869842431e+00
8.815790633656662295e-03
7.197369368074917062e-02
4.514474278220300119e-01
5.388158603705079930e-01
2.142105545013887613e-01
1.780263392139919965e-01
1.673684430747951479e-01
1.852237085820669149e+00
1.178947523545726822e-01
1.311052804085895307e+00
1.201315947541572032e-01
5.950000782894839801e-01
5.118421726108122322e-02
1.889473932825517510e-01
2.019737107860145875e-01
5.046053295533328154e-01
1.123684358379520853e-01
2.126710806146158816e+00
3.598947841966821493e+00
1.588552840599058102e+00
4.069737377597023587e-01
3.986842629847714425e-02
1.175000154605283509e-01
9.381580181786866590e-02
1.005263290166222429e-01
5.315790173130285901e-02
5.171053311980699368e-02
6.215790291551354096e-01
4.268290035301320451e+00
4.371053206717527395e+00
4.194737394044393830e-01
2.231579240997268732e-01
4.919737489439143241e-01
5.714474436115057898e-01
2.498684539300597418e-01
4.984211182133050366e-01
4.147368966759074627e-01
2.188158182652392425e-01
3.763158389889261629e-02
5.355263862534719033e-02
1.493947564993100663e+00
2.938158281336615829e-01
2.298816091949485774e+00
8.815790633656662989e-02
1.055263296745170692e-01
2.730263517139936424e-01
1.190131735543649372e+00
1.331579122576200258e-01
1.247368585180076983e-01
7.789474709141409881e-02
2.155263441482031805e-01
1.770789706682856179e+00
1.794737078254878826e+00
2.864474061115008241e-01
3.092105670013903934e-02
3.445658348112940583e+00
2.278421352423862345e+00
1.218421212950159677e-01
1.498684407721632694e-01
7.486843090374091514e-02
2.222368713469567714e-01
6.811843001558289812e-01
1.256579112707778001e-01
7.131579885734196100e-02
7.763158916205120663e-02
2.837631952319993989e+00
1.915789725761806173e-01
8.723685358379652810e-02
6.407895579986261358e-02
1.416973870654456791e+00
4.357895310249382814e-01
4.008026843161426989e+00
7.648685216932266107e-01
2.577631918109463127e-01
2.731579306786751093e-01
1.267500166776337700e+00
4.827632214162133617e-01
1.909210777527733938e-01
1.385526498095591974e-01
6.539474544667703837e-01
8.292106354224521025e-01
7.811843133137255091e-01
1.526315990304735470e-01
5.465790192867130415e-01
8.685527458622034347e-01
1.822368660837981602e-01
1.098947513019409739e+00
1.069473824930766481e+00
8.681580089681590895e-01
7.359211494633091100e-01
4.500000592105340980e-01
1.262500166118442957e+00
1.237631741793650209e+00
1.003947500519408065e+00
4.765790100761855275e-01
1.673289693853907023e+00
2.174210812396159653e+00
9.322369647680217586e-01
7.802632605609554073e-01
4.086842643005610953e-01
1.069605403895447893e+00
1.090789617209160234e+00
7.685527327043069068e-01
1.681973905522882395e+00
8.898685381405971873e-01
4.365790048130269718e-01
5.434211241343585019e-01
7.234211478185721411e-01
4.985526971779865035e-01
1.568289680038115863e+00
1.949079203826211026e+00
1.901973934470254646e+00
1.064736982202234561e+00
1.799868657877454980e+00
9.514474936115123738e-01
3.242105689750748865e-01
1.290658064560271656e+00
1.578552839283268394e+00
1.715921278410694528e+00
2.653026664871929619e+00
1.564737047991716867e+00
2.338158202389237217e-01
9.769738127597121791e-01
6.006579737707860023e-01
2.016579212707791058e+00
1.665789692867064853e-01
7.540790465893482120e-01
7.613158896468276149e-01
1.155394888867748548e+00
2.456579270602535781e-01
8.344737940097097795e-01
8.960527494806250215e-02
6.089474485457169184e-01
1.716052857375375940e+00
1.644737058518034034e-01
1.522894937223018053e+00
1.259210692001406784e-01
4.178947918282621132e-01
3.568421522160726833e-01
9.188159103705145769e-01
8.855264323061094733e-02
1.671184430419003997e+00
7.947369466759141021e-02
1.715131804622605838e+00
9.071053825138661875e-01
1.155000151973704314e+00
8.959211705159435546e-01
1.218947528808885350e+00
5.630263898718934623e-01
6.432895583275735074e-01
4.236842662742455468e-01
4.855263796745236671e-01
2.311579251523586009e+00
3.490789932998675238e-01
2.500000328947411532e-01
1.235131741464702948e+00
1.238158057652376076e+00
7.039474610457185921e-02
1.730263385560971701e-01
9.042106452908743597e-01
1.196052788954314328e-01
8.678948510387962667e-01
8.867106429882425367e-01
4.206579500865724186e-01
5.777632339162149799e-01
5.146053308691225237e-01
5.186842787742472760e-01
8.553948493940591868e-01
5.526316516620594262e-03
3.197368841759058028e-02
3.894737354570704940e-02
7.236843057479350021e-03
6.909211435422557557e-01
5.343421755713388954e-01
9.407895974723154420e-02
2.364342416360844190e+00
1.936842360110836991e-01
1.788158130020806591e-01
6.485527169148311843e-01
1.001315921225779115e-01
5.598684947195388117e-01
5.657895481302036879e-03
8.342106360803468179e-02
6.160527126385147989e-01
1.926316042936321582e-01
3.550789940893413377e+00
7.925001042763295533e-01
1.211842264716087442e-01
2.332895043801979373e-01
2.470526640858768719e+00
1.553815993923157057e+00
7.802632605609553795e-02
7.150000940789598136e-01
1.282237010820659329e+00
1.714473909799198725e-01
1.494737038781189242e-01
8.542106387119261512e-01
3.092763564837311296e+00
6.311842935768807727e-01
1.776316023199476790e-01
1.538158097126065549e-01
3.144737255886481120e-01
1.022368555574809934e-01
2.289473985457103344e-01
2.706579303497276823e-01
1.196052788954314328e-01
4.497369012811712197e-01
1.392105446329663931e-01
1.626316003462631998e-01
1.381579129155148522e-01
1.625000213815817607e-01
1.582894945117755969e-01
1.463158087257643014e-01
9.144738045360269185e-02
1.371052811980633113e-01
2.949342493334538684e+00
1.165789627077582491e-01
1.281579115997252272e-01
1.012763291153064626e+00
9.778948655124822809e-01
2.781184576471654957e+00
5.802632342451624625e-01
4.460526902700908541e-02
3.421053081717511102e-01
5.513158620152449618e-01
4.959211178843576096e-01
1.493421249134374851e-01
4.165790021814476662e-01
1.213158054362901972e-01
1.303421224134371670e+00
1.251315954120520435e-01
2.061842376558207512e-01
3.653816270238983144e+00
1.756579178497260363e-01
1.290789643524953012e-01
9.630264425034793518e-01
5.723684963642758361e-02
1.972368680574826394e-01
8.815790633656662711e-01
2.617105607513895982e-01
5.051184875155905196e+00
1.217631739162071014e+00
1.058421191897525260e+00
2.892105643698111295e-01
1.227631740477860722e+00
3.026316187673182556e-01
8.522369542417045363e-01
1.117105410145448757e-01
2.678947720914173769e-01
9.921053936980780974e-02
4.576316391620577906e-01
4.598684815616423394e-01
2.198026605003500666e+00
7.323685174169102252e-01
1.577631786530498403e-01
9.921053936980780974e-02
2.276316088988959152e-01
2.440789794840762528e-01
3.578947839335241965e-02
1.009605396000710087e+00
4.659211139369887067e-01
1.986842366689785255e-01
4.934211175554102380e-01
6.417106107513961266e-01
5.127632253635823201e-01
7.959211573580470267e-01
7.168421995845000172e-01
5.394737551939151610e-01
5.444737558518100151e-01
6.288158722126148126e-01
4.885526958621968507e-01
5.177632260214771742e-01
7.619737844702347829e-01
2.393552946520124625e+00
1.282894905644066663e-01
1.989473945983414038e-01
6.032895530644148963e-01
1.371710706804040392e+00
1.509210724896148104e-01
7.365790442867163890e-01
1.735526544148229544e-01
9.715790752077730907e-01
7.921053673822851804e-02
3.800000500000065840e-01
1.909210777527733938e-01
3.740789965893416835e-01
2.282895037223031387e-01
7.409211501212039641e-01
2.928421437950189166e+00
1.301052802770105599e+00
6.661842981821445298e-01
5.932895517486252990e-01
3.880263668455746218e-01
1.918421305055434956e-01
6.602632447714795738e-01
3.047368822022213375e-01
4.618421660318639543e-01
1.831052872506957030e+00
6.839474584141392866e-01
1.056052770533259411e+00
3.364474126904490325e-01
8.831580109418435409e-01
2.957895126038832534e-01
8.150001072368562305e-01
2.682895089854617221e-01
1.673421272818588657e+00
3.236053057375402275e+00
2.959342494650328170e+00
3.748421545844940361e+00
3.877632089162116880e-01
3.316579383760445143e+00
6.802632474030588516e-02
3.188158314231357426e-01
2.833553004414869125e+00
3.427632029951582782e-01
2.282895037223031387e-01
5.269737535491780811e-01
1.892105512119146293e-01
3.188158314231357426e-01
4.661842718663515850e-01
5.997369210180159005e-01
3.611053106717514005e+00
3.653947849203664222e-01
7.438158873441956809e-01
6.648685085353300828e-01
4.925000648026401362e-01
5.460527034279873126e-02
1.295000170394759342e+00
3.227632003635790281e-01
7.080264089508433445e-01
1.447368611495870004e-02
4.236842662742455745e-02
3.348684651142717073e-01
2.043421321502805477e-01
3.540789939577623779e-01
3.231579372576233178e-01
1.710000225000029683e+00
9.736843386426762351e-03
2.593421393871236380e-01
2.109210803843526993e-01
1.205263316482015346e-01
7.740790492209275175e-01
9.013159080678827262e-02
2.047368690443248929e-01
2.103947645256269150e-01
6.101316592278499540e-01
1.491184406734790358e+00
2.934210912396172793e-02
2.128289753722336197e+00
2.259210823580371508e-01
5.618421791897604267e-02
2.282895037223031387e-01
3.317105699619171122e-01
2.434210846606690501e-02
7.068421982687103089e-01
9.184211734764702317e-02
1.993421314923857213e-01
5.026316450831112004e-01
2.852237217399633984e+00
2.120789752735493749e+00
3.819737344702282544e-01
5.550000730263253690e-01
1.131315938331044491e+00
2.850000375000049657e-01
4.853948007098422002e-01
1.086842248268716921e-01
3.205263579639944904e+00
1.473684404432158424e-01
6.930264069771587820e-01
4.652632191135814832e-01
2.848026690529827931e+00
2.348684519563752626e-01
6.206579764023653079e-01
3.485526774411417672e-01
2.886842485110853174e-01
3.047368822022213375e-01
2.018684476142694084e+00
4.894737486149669525e-01
3.053947770256285610e-01
2.418947686703643019e+00
4.106974224601871448e+00
2.861974060786060647e+00
1.113158041205005444e-01
1.950000256578981184e-01
4.286842669321404009e-01
3.130263569771522536e-01
4.438947952493151661e+00
4.702632197714762818e-01
4.909211172264628109e-01
2.790789840893400098e-01
2.773552996520131320e+00
2.125000279605299969e-01
1.522368621364292296e-01
1.902631829293661703e-01
4.272368983206445425e-01
1.710526540858755551e-01
1.625000213815817607e-01
2.834210899238276404e-01
3.808289974774996978e+00
1.689473906509724455e-01
3.910526830332478054e-01
2.387105577250733912e+00
3.717105752250757233e-01
4.570132180280550571e+00
6.034211320290963076e-01
2.390789788261814264e-01
5.039474347299256474e-01
7.618422055055533437e-02
2.486842432479267617e-01
4.093421591239683188e-01
2.664474034799215185e-01
3.182631997714736816e+00
4.600000605263237508e-01
2.423684529432174883e-01
2.538947702493118630e+00
1.597368631232714553e-01
3.542105729224437893e-01
3.248684637984821100e-01
3.081184615945344429e+00
2.040131847385769248e+00
7.722369437153873140e-01
8.013158949099861983e-02
2.821184581734813346e+00
5.310527014543028335e-01
6.894737749307598695e-02
3.897368933864333584e-01
1.960526573753496704e+00
2.577631918109463127e-01
9.625001266447534842e-01
5.363158600415605104e-01
6.001316579120602457e-01
4.451316375173207107e-01
8.144737913781304739e-01
2.276447667953640508e+00
2.569737180228576223e-01
3.756579441655189533e-01
3.840789979051313363e-01
7.752632599030605531e-01
1.598684420879529222e-01
1.123684358379520853e-01
1.361842284452932095e-01
3.306579382444655435e-01
5.464474403220316301e-01
3.600658368507680063e+00
1.431579135734096786e-01
9.750001282894905641e-01
4.427632161530547505e-01
6.081579747576282280e-01
1.601316000173158005e-01
1.705263382271497707e-01
1.511842304189776887e-01
3.422368871364325216e-01
1.436842294321354629e-01
7.159211468317299154e-01
6.115790278393458124e-01
1.893421301765960685e-01
3.706053119217515679e+00
2.553947704466803525e-01
1.125000148026335245e-01
3.917105778566549734e-01
1.553947572887838524e-01
1.597368631232714553e-01
1.171052785664840196e-01
9.044738032202372935e-01
2.080263431613609548e-01
6.030263951350519624e-01
9.486843353532020684e-02
4.215790028393424649e-01
7.682895747749440840e-01
1.346052808691159119e-01
2.518421384002813568e-01
4.823684845221690165e-01
2.807895106301988020e-01
2.655263507271514167e-01
2.937500386513208994e+00
6.052632375346365251e-02
5.206579632444688910e-01
3.070000403947421574e+00
2.313158199099763224e-01
4.760526942174597709e-01
2.093421328081753741e-01
2.338158202389237217e-01
6.394737683518116056e-02
2.050000269736877712e-01
3.904211040027768309e+00
2.664605613763896486e+00
2.084079221589371311e+00
4.769737469702298727e-01
2.498684539300597418e-01
5.975000786184314627e-01
3.278947799861552936e-01
5.531579675207851654e-01
2.022105529224411669e+00
5.644737584833892791e-02
2.982895129328306805e-01
7.823685239958584337e-01
3.921053147506993186e-01
9.042106452908743597e-01
3.756579441655189533e-01
1.753947599203631580e-01
1.148684361668994985e-01
1.253815954449467807e+00
1.064605403237553150e+00
2.738158255020823328e-01
6.039474478878221336e-02
6.097369223338056088e-01
4.678947984072103217e-01
5.851316559383757943e-01
1.576315996883683734e-01
4.481579537049938944e-01
3.584210997922500086e-01
9.798685499827040069e-01
1.650000217105291878e-01
3.403947816308923180e-01
4.060526850069322569e-01
4.052632112188435665e-01
1.359210705159303423e+00
1.672368641101137088e-01
6.651316664646930166e-01
1.934342359781889398e+00
1.694210749238256541e+00
2.947368808864316847e-01
2.188158182652392425e-01
9.185527524411516431e-01
6.057895533933622678e-01
1.540789676419694332e-01
1.071052772506943807e-01
2.702631934556833371e-01
1.473684404432158424e-01
1.129736990754867332e+00
3.022368818732739659e-01
3.685526800727210728e-01
6.867106166724495919e-01
1.763158126731332598e-01
3.447895190512525243e+00
2.777631944425256183e-01
2.741842466031903403e+00
1.582894945117755969e-01
2.688158248441874787e-01
1.423289660959165870e+00
9.085527511253620458e-01
5.713158646468242674e-01
2.968421443213347666e-01
1.650131796069973289e+00
1.074736983518024269e+00
2.328026622108766208e+00
1.056579086391985084e-01
4.288158458968218123e-01
3.127631990477893753e-01
4.107895277354641772e-01
3.573684680747984399e-01
4.585526919148278924e-01
1.655263375692549443e-01
1.175526470464009376e+00
2.966447758743126162e+00
1.984210787396156195e-01
3.206579369286759462e-01
7.021053555401783886e-01
7.927632622056923761e-01
3.369737285491748446e-01
7.956579994286842039e-01
8.705264303324250497e-01
1.946052887638538009e-01
2.374079259747271298e+00
6.040790268525035867e-01
3.761842600242447654e-01
8.246053716586015936e-01
